0 257 -1015 -214 0 0 0 0 0 0 1
16 304 -1132 -277 0 0 0 0 0 0 1
31 312 -1394 -253 0 0 0 0 0 0 1
47 593 -1417 -433 0 0 0 0 0 0 1
62 468 -1398 -511 0 0 0 0 0 0 1
78 343 -1273 -617 0 0 0 0 0 0 1
94 335 -1218 -687 0 0 0 0 0 0 1
109 234 -1164 -464 0 0 0 0 0 0 1
125 -175 -1121 -207 0 0 0 0 0 0 1
141 -195 -1152 -246 0 0 0 0 0 0 1
156 -70 -1054 -183 0 0 0 0 0 0 1
172 -3 -1019 -218 0 0 0 0 0 0 1
188 109 -925 -210 0 0 0 0 0 0 1
203 93 -917 -164 0 0 0 0 0 0 1
219 136 -843 -175 0 0 0 0 0 0 1
234 164 -804 -207 0 0 0 0 0 0 1
250 78 -859 -246 0 0 0 0 0 0 1
266 46 -875 -238 0 0 0 0 0 0 1
281 19 -890 -253 0 0 0 0 0 0 1
297 11 -910 -199 0 0 0 0 0 0 1
312 74 -910 -164 0 0 0 0 0 0 1
328 78 -882 -109 0 0 0 0 0 0 1
344 11 -910 -148 0 0 0 0 0 0 1
359 50 -863 -136 0 0 0 0 0 0 1
375 74 -820 -136 0 0 0 0 0 0 1
391 3 -828 -74 0 0 0 0 0 0 1
406 -23 -816 -125 0 0 0 0 0 0 1
422 50 -816 -66 0 0 0 0 0 0 1
438 19 -816 -105 0 0 0 0 0 0 1
453 31 -808 -70 0 0 0 0 0 0 1
469 42 -820 -125 0 0 0 0 0 0 1
484 74 -824 -35 0 0 0 0 0 0 1
500 89 -820 -66 0 0 0 0 0 0 1
516 89 -875 -54 0 0 0 0 0 0 1
531 70 -925 -3 0 0 0 0 0 0 1
547 35 -984 11 0 0 0 0 0 0 1
562 78 -1031 -50 0 0 0 0 0 0 1
578 39 -1105 -58 0 0 0 0 0 0 1
594 -15 -1160 -74 0 0 0 0 0 0 1
609 3 -1167 -136 0 0 0 0 0 0 1
625 -66 -1203 -226 0 0 0 0 0 0 1
641 -140 -1238 -292 0 0 0 0 0 0 1
656 -148 -1238 -316 0 0 0 0 0 0 1
672 -363 -1378 -386 0 0 0 0 0 0 1
688 -46 -1218 -464 0 0 0 0 0 0 1
703 179 -1101 -476 0 0 0 0 0 0 1
719 164 -1148 -316 0 0 0 0 0 0 1
734 -7 -1199 -289 0 0 0 0 0 0 1
750 -171 -1238 -253 0 0 0 0 0 0 1
766 -324 -1222 -250 0 0 0 0 0 0 1
781 -476 -1238 -328 0 0 0 0 0 0 1
797 -707 -1187 -304 0 0 0 0 0 0 1
812 -554 -1101 -425 0 0 0 0 0 0 1
828 -828 -1488 -292 0 0 0 0 0 0 1
844 -757 -1210 -425 0 0 0 0 0 0 1
859 503 -1011 -496 0 0 0 0 0 0 1
875 1445 -785 -460 0 0 0 0 0 0 1
891 1460 -1281 -19 0 0 0 0 0 0 1
906 968 -1078 -105 0 0 0 0 0 0 1
922 515 -851 -171 0 0 0 0 0 0 1
938 531 -1082 -660 0 0 0 0 0 0 1
953 566 -1261 -718 0 0 0 0 0 0 1
969 308 -1101 -601 0 0 0 0 0 0 1
984 93 -945 -246 0 0 0 0 0 0 1
1000 371 -851 31 0 0 0 0 0 0 1
1016 617 -820 109 0 0 0 0 0 0 1
1031 421 -882 -11 0 0 0 0 0 0 1
1047 367 -898 11 0 0 0 0 0 0 1
1062 402 -843 -35 0 0 0 0 0 0 1
1078 441 -925 -160 0 0 0 0 0 0 1
1094 457 -929 -97 0 0 0 0 0 0 1
1109 421 -984 -222 0 0 0 0 0 0 1
1125 285 -984 -207 0 0 0 0 0 0 1
1141 328 -980 -132 0 0 0 0 0 0 1
1156 332 -953 -160 0 0 0 0 0 0 1
1172 312 -976 -144 0 0 0 0 0 0 1
1188 285 -984 -148 0 0 0 0 0 0 1
1203 269 -984 -144 0 0 0 0 0 0 1
1219 257 -976 -214 0 0 0 0 0 0 1
1234 285 -972 -156 0 0 0 0 0 0 1
1250 328 -933 -128 0 0 0 0 0 0 1
1266 316 -953 -54 0 0 0 0 0 0 1
1281 277 -937 -113 0 0 0 0 0 0 1
1297 281 -972 -89 0 0 0 0 0 0 1
1312 265 -988 -85 0 0 0 0 0 0 1
1328 269 -972 -85 0 0 0 0 0 0 1
1344 273 -980 -101 0 0 0 0 0 0 1
1359 250 -988 -121 0 0 0 0 0 0 1
1375 257 -984 -85 0 0 0 0 0 0 1
1391 207 -992 -167 0 0 0 0 0 0 1
1406 226 -972 -191 0 0 0 0 0 0 1
1422 195 -1000 -125 0 0 0 0 0 0 1
1438 183 -1000 -179 0 0 0 0 0 0 1
1453 187 -1000 -89 0 0 0 0 0 0 1
1469 191 -1000 -132 0 0 0 0 0 0 1
1484 203 -1078 -199 0 0 0 0 0 0 1
1500 195 -1175 -207 0 0 0 0 0 0 1
1516 394 -1261 -191 0 0 0 0 0 0 1
1531 355 -1218 -324 0 0 0 0 0 0 1
1547 179 -1207 -398 0 0 0 0 0 0 1
1562 304 -1285 -398 0 0 0 0 0 0 1
1578 441 -1226 -292 0 0 0 0 0 0 1
1594 441 -1246 -238 0 0 0 0 0 0 1
1609 460 -1187 -183 0 0 0 0 0 0 1
1625 277 -1128 -62 0 0 0 0 0 0 1
1641 148 -1105 66 0 0 0 0 0 0 1
1656 58 -1097 136 0 0 0 0 0 0 1
1672 -42 -1062 171 0 0 0 0 0 0 1
1688 269 -851 -187 0 0 0 0 0 0 1
1703 363 -867 238 0 0 0 0 0 0 1
1719 117 -769 218 0 0 0 0 0 0 1
1734 648 -656 281 0 0 0 0 0 0 1
1750 484 -753 128 0 0 0 0 0 0 1
1766 378 -781 70 0 0 0 0 0 0 1
1781 328 -761 101 0 0 0 0 0 0 1
1797 250 -773 93 0 0 0 0 0 0 1
1812 214 -796 58 0 0 0 0 0 0 1
1828 160 -824 31 0 0 0 0 0 0 1
1844 113 -894 31 0 0 0 0 0 0 1
1859 27 -925 35 0 0 0 0 0 0 1
1875 7 -964 -23 0 0 0 0 0 0 1
1891 23 -988 3 0 0 0 0 0 0 1
1906 82 -1023 3 0 0 0 0 0 0 1
1922 93 -1046 -11 0 0 0 0 0 0 1
1938 105 -1089 -27 0 0 0 0 0 0 1
1953 128 -1187 -78 0 0 0 0 0 0 1
1969 136 -1164 -93 0 0 0 0 0 0 1
1984 171 -1207 -167 0 0 0 0 0 0 1
2000 121 -1253 -89 0 0 0 0 0 0 1
2016 136 -1296 -117 0 0 0 0 0 0 1
2031 140 -1335 -66 0 0 0 0 0 0 1
2047 93 -1332 -15 0 0 0 0 0 0 1
2062 50 -1320 -82 0 0 0 0 0 0 1
2078 27 -1265 -164 0 0 0 0 0 0 1
2094 46 -1226 -234 0 0 0 0 0 0 1
2109 -171 -1210 -257 0 0 0 0 0 0 1
2125 -222 -1160 -414 0 0 0 0 0 0 1
2141 -281 -1167 -382 0 0 0 0 0 0 1
2156 -492 -1109 -394 0 0 0 0 0 0 1
2172 -445 -1089 -414 0 0 0 0 0 0 1
2188 -425 -1074 -312 0 0 0 0 0 0 1
2203 -320 -1089 -148 0 0 0 0 0 0 1
2219 -250 -1046 -136 0 0 0 0 0 0 1
2234 496 -1421 285 0 0 0 0 0 0 1
2250 3250 97 -1054 0 0 0 0 0 0 1
2266 -35 -2117 -289 0 0 0 0 0 0 1
2281 -1453 -1320 148 0 0 0 0 0 0 1
2297 839 -792 -58 0 0 0 0 0 0 1
2312 386 -984 -42 0 0 0 0 0 0 1
2328 105 -957 -66 0 0 0 0 0 0 1
2344 453 -878 -31 0 0 0 0 0 0 1
2359 503 -953 -179 0 0 0 0 0 0 1
2375 74 -1011 -156 0 0 0 0 0 0 1
2391 66 -1000 -183 0 0 0 0 0 0 1
2406 320 -964 -54 0 0 0 0 0 0 1
2422 300 -945 23 0 0 0 0 0 0 1
2438 367 -929 35 0 0 0 0 0 0 1
2453 324 -960 -66 0 0 0 0 0 0 1
2469 207 -1000 -109 0 0 0 0 0 0 1
2484 175 -1007 -97 0 0 0 0 0 0 1
2500 238 -996 -105 0 0 0 0 0 0 1
2516 273 -976 -109 0 0 0 0 0 0 1
2531 246 -988 -66 0 0 0 0 0 0 1
2547 226 -980 -74 0 0 0 0 0 0 1
2562 230 -996 -93 0 0 0 0 0 0 1
2578 226 -984 -136 0 0 0 0 0 0 1
2594 203 -988 -85 0 0 0 0 0 0 1
2609 199 -984 -42 0 0 0 0 0 0 1
2625 171 -996 -78 0 0 0 0 0 0 1
2641 148 -1007 -97 0 0 0 0 0 0 1
2656 160 -996 -113 0 0 0 0 0 0 1
2672 191 -1007 -89 0 0 0 0 0 0 1
2688 171 -1003 -117 0 0 0 0 0 0 1
2703 175 -1023 -58 0 0 0 0 0 0 1
2719 156 -1027 -97 0 0 0 0 0 0 1
2734 175 -1050 -70 0 0 0 0 0 0 1
2750 175 -1050 -144 0 0 0 0 0 0 1
2766 136 -1054 -171 0 0 0 0 0 0 1
2781 113 -1039 -187 0 0 0 0 0 0 1
2797 105 -1078 -164 0 0 0 0 0 0 1
2812 105 -1066 -187 0 0 0 0 0 0 1
2828 105 -1070 -222 0 0 0 0 0 0 1
2844 148 -1054 -191 0 0 0 0 0 0 1
2859 148 -1062 -179 0 0 0 0 0 0 1
2875 148 -1164 -316 0 0 0 0 0 0 1
2891 203 -1488 -78 0 0 0 0 0 0 1
2906 585 -1339 -246 0 0 0 0 0 0 1
2922 300 -1296 -320 0 0 0 0 0 0 1
2938 234 -1332 -296 0 0 0 0 0 0 1
2953 269 -1238 -179 0 0 0 0 0 0 1
2969 171 -1011 -195 0 0 0 0 0 0 1
2984 78 -1082 0 0 0 0 0 0 0 1
3000 11 -1113 203 0 0 0 0 0 0 1
3016 640 -867 -78 0 0 0 0 0 0 1
3031 867 -761 238 0 0 0 0 0 0 1
3047 253 -835 222 0 0 0 0 0 0 1
3062 507 -699 199 0 0 0 0 0 0 1
3078 468 -703 117 0 0 0 0 0 0 1
3094 355 -722 0 0 0 0 0 0 0 1
3109 292 -808 11 0 0 0 0 0 0 1
3125 273 -886 -11 0 0 0 0 0 0 1
3141 257 -910 -27 0 0 0 0 0 0 1
3156 191 -972 -23 0 0 0 0 0 0 1
3172 171 -1027 -101 0 0 0 0 0 0 1
3188 144 -1039 -167 0 0 0 0 0 0 1
3203 136 -1046 -187 0 0 0 0 0 0 1
3219 152 -1066 -191 0 0 0 0 0 0 1
3234 156 -1093 -207 0 0 0 0 0 0 1
3250 148 -1140 -269 0 0 0 0 0 0 1
3266 128 -1167 -242 0 0 0 0 0 0 1
3281 144 -1199 -324 0 0 0 0 0 0 1
3297 164 -1242 -398 0 0 0 0 0 0 1
3312 148 -1234 -429 0 0 0 0 0 0 1
3328 105 -1312 -433 0 0 0 0 0 0 1
3344 167 -1304 -449 0 0 0 0 0 0 1
3359 105 -1324 -410 0 0 0 0 0 0 1
3375 -50 -1312 -394 0 0 0 0 0 0 1
3391 -78 -1289 -429 0 0 0 0 0 0 1
3406 -136 -1250 -410 0 0 0 0 0 0 1
3422 -199 -1222 -386 0 0 0 0 0 0 1
3438 -234 -1214 -324 0 0 0 0 0 0 1
3453 -347 -1210 -281 0 0 0 0 0 0 1
3469 -441 -1148 -296 0 0 0 0 0 0 1
3484 -492 -1105 -261 0 0 0 0 0 0 1
3500 -382 -1085 -253 0 0 0 0 0 0 1
3516 -316 -1109 -191 0 0 0 0 0 0 1
3531 -257 -1085 -109 0 0 0 0 0 0 1
3547 -179 -1035 -62 0 0 0 0 0 0 1
3562 -31 -996 42 0 0 0 0 0 0 1
3578 78 -1019 472 0 0 0 0 0 0 1
3594 3066 19 -664 0 0 0 0 0 0 1
3609 875 -2152 -402 0 0 0 0 0 0 1
3625 -343 -1695 164 0 0 0 0 0 0 1
3641 453 -1019 -378 0 0 0 0 0 0 1
3656 1035 -777 -238 0 0 0 0 0 0 1
3672 203 -1000 -125 0 0 0 0 0 0 1
3688 308 -851 -27 0 0 0 0 0 0 1
3703 507 -953 -50 0 0 0 0 0 0 1
3719 187 -996 -85 0 0 0 0 0 0 1
3734 50 -1078 -101 0 0 0 0 0 0 1
3750 246 -1007 -121 0 0 0 0 0 0 1
3766 312 -1000 -97 0 0 0 0 0 0 1
3781 277 -960 -31 0 0 0 0 0 0 1
3797 238 -972 -27 0 0 0 0 0 0 1
3812 218 -992 -97 0 0 0 0 0 0 1
3828 238 -972 -89 0 0 0 0 0 0 1
3844 312 -960 -121 0 0 0 0 0 0 1
3859 296 -949 -89 0 0 0 0 0 0 1
3875 265 -980 -58 0 0 0 0 0 0 1
3891 261 -972 -54 0 0 0 0 0 0 1
3906 238 -972 -82 0 0 0 0 0 0 1
3922 253 -976 -109 0 0 0 0 0 0 1
3938 261 -972 -78 0 0 0 0 0 0 1
3953 238 -984 -7 0 0 0 0 0 0 1
3969 222 -996 -23 0 0 0 0 0 0 1
3984 179 -1000 -78 0 0 0 0 0 0 1
4000 187 -1000 -58 0 0 0 0 0 0 1
4016 207 -1000 -62 0 0 0 0 0 0 1
4031 167 -996 -85 0 0 0 0 0 0 1
4047 160 -1000 -74 0 0 0 0 0 0 1
4062 148 -1007 -105 0 0 0 0 0 0 1
4078 187 -988 -101 0 0 0 0 0 0 1
4094 152 -1000 -82 0 0 0 0 0 0 1
4109 148 -980 -85 0 0 0 0 0 0 1
4125 179 -984 -42 0 0 0 0 0 0 1
4141 160 -984 -105 0 0 0 0 0 0 1
4156 183 -996 -125 0 0 0 0 0 0 1
4172 230 -996 -101 0 0 0 0 0 0 1
4188 191 -1003 -97 0 0 0 0 0 0 1
4203 187 -1027 -171 0 0 0 0 0 0 1
4219 222 -1058 -125 0 0 0 0 0 0 1
4234 304 -1050 -66 0 0 0 0 0 0 1
4250 421 -1132 -78 0 0 0 0 0 0 1
4266 449 -1226 -93 0 0 0 0 0 0 1
4281 457 -1316 101 0 0 0 0 0 0 1
4297 531 -1042 82 0 0 0 0 0 0 1
4312 425 -1015 -85 0 0 0 0 0 0 1
4328 7 -949 -195 0 0 0 0 0 0 1
4344 203 -808 -277 0 0 0 0 0 0 1
4359 58 -921 -343 0 0 0 0 0 0 1
4375 -195 -941 -363 0 0 0 0 0 0 1
4391 -164 -878 -406 0 0 0 0 0 0 1
4406 -292 -1015 -316 0 0 0 0 0 0 1
4422 -332 -1035 -285 0 0 0 0 0 0 1
4438 -257 -1027 -285 0 0 0 0 0 0 1
4453 -246 -1035 -238 0 0 0 0 0 0 1
4469 -97 -1023 -164 0 0 0 0 0 0 1
4484 -39 -1019 -183 0 0 0 0 0 0 1
4500 -3 -1003 -218 0 0 0 0 0 0 1
4516 0 -992 -164 0 0 0 0 0 0 1
4531 -140 -1027 -222 0 0 0 0 0 0 1
4547 -35 -988 -242 0 0 0 0 0 0 1
4562 27 -898 -324 0 0 0 0 0 0 1
4578 -3 -949 -246 0 0 0 0 0 0 1
4594 101 -933 -304 0 0 0 0 0 0 1
4609 183 -906 -285 0 0 0 0 0 0 1
4625 214 -937 -226 0 0 0 0 0 0 1
4641 242 -960 -234 0 0 0 0 0 0 1
4656 328 -925 -250 0 0 0 0 0 0 1
4672 382 -921 -187 0 0 0 0 0 0 1
4688 406 -894 -253 0 0 0 0 0 0 1
4703 406 -851 -218 0 0 0 0 0 0 1
4719 414 -843 -242 0 0 0 0 0 0 1
4734 429 -828 -199 0 0 0 0 0 0 1
4750 457 -835 -167 0 0 0 0 0 0 1
4766 468 -863 -218 0 0 0 0 0 0 1
4781 609 -851 -207 0 0 0 0 0 0 1
4797 585 -832 -218 0 0 0 0 0 0 1
4812 566 -839 -253 0 0 0 0 0 0 1
4828 410 -871 -257 0 0 0 0 0 0 1
4844 367 -871 -269 0 0 0 0 0 0 1
4859 347 -898 -222 0 0 0 0 0 0 1
4875 398 -847 -179 0 0 0 0 0 0 1
4891 441 -824 -183 0 0 0 0 0 0 1
4906 437 -867 -164 0 0 0 0 0 0 1
4922 386 -906 -183 0 0 0 0 0 0 1
4938 367 -964 -164 0 0 0 0 0 0 1
4953 351 -949 -257 0 0 0 0 0 0 1
4969 386 -984 -312 0 0 0 0 0 0 1
4984 230 -878 -695 0 0 0 0 0 0 1
5000 144 -1101 -839 0 0 0 0 0 0 1
5016 93 -1128 -792 0 0 0 0 0 0 1
5031 167 -1183 -593 0 0 0 0 0 0 1
5047 289 -1101 -351 0 0 0 0 0 0 1
5062 417 -1000 -226 0 0 0 0 0 0 1
5078 343 -976 140 0 0 0 0 0 0 1
5094 375 -894 214 0 0 0 0 0 0 1
5109 398 -929 35 0 0 0 0 0 0 1
5125 191 -988 -179 0 0 0 0 0 0 1
5141 222 -1003 -242 0 0 0 0 0 0 1
5156 277 -980 -285 0 0 0 0 0 0 1
5172 203 -1019 -238 0 0 0 0 0 0 1
5188 210 -1023 -70 0 0 0 0 0 0 1
5203 214 -980 -93 0 0 0 0 0 0 1
5219 105 -1003 -105 0 0 0 0 0 0 1
5234 132 -1000 -46 0 0 0 0 0 0 1
5250 136 -988 -101 0 0 0 0 0 0 1
5266 210 -988 15 0 0 0 0 0 0 1
5281 230 -976 -15 0 0 0 0 0 0 1
5297 238 -980 -58 0 0 0 0 0 0 1
5312 234 -992 -27 0 0 0 0 0 0 1
5328 179 -992 -54 0 0 0 0 0 0 1
5344 199 -988 -23 0 0 0 0 0 0 1
5359 179 -1000 -62 0 0 0 0 0 0 1
5375 152 -1000 -101 0 0 0 0 0 0 1
5391 164 -1007 -58 0 0 0 0 0 0 1
5406 195 -1003 -66 0 0 0 0 0 0 1
5422 187 -996 0 0 0 0 0 0 0 1
5438 160 -976 -62 0 0 0 0 0 0 1
5453 175 -988 -31 0 0 0 0 0 0 1
5469 179 -1003 7 0 0 0 0 0 0 1
5484 167 -996 -50 0 0 0 0 0 0 1
5500 160 -988 -19 0 0 0 0 0 0 1
5516 183 -984 -85 0 0 0 0 0 0 1
5531 136 -1023 -54 0 0 0 0 0 0 1
5547 164 -1000 -27 0 0 0 0 0 0 1
5562 167 -996 -62 0 0 0 0 0 0 1
5578 171 -996 -39 0 0 0 0 0 0 1
5594 183 -1000 -3 0 0 0 0 0 0 1
5609 183 -996 -15 0 0 0 0 0 0 1
5625 179 -1003 -62 0 0 0 0 0 0 1
5641 167 -996 -85 0 0 0 0 0 0 1
5656 175 -1000 -39 0 0 0 0 0 0 1
5672 175 -1000 -39 0 0 0 0 0 0 1
5688 167 -1007 -70 0 0 0 0 0 0 1
5703 140 -1000 -85 0 0 0 0 0 0 1
5719 160 -1003 -7 0 0 0 0 0 0 1
5734 128 -1019 -46 0 0 0 0 0 0 1
5750 117 -1058 -42 0 0 0 0 0 0 1
5766 171 -1097 42 0 0 0 0 0 0 1
5781 242 -1117 74 0 0 0 0 0 0 1
5797 257 -1121 -35 0 0 0 0 0 0 1
5812 140 -1171 -117 0 0 0 0 0 0 1
5828 93 -1210 -74 0 0 0 0 0 0 1
5844 136 -1242 -82 0 0 0 0 0 0 1
5859 140 -1261 -109 0 0 0 0 0 0 1
5875 148 -1261 -117 0 0 0 0 0 0 1
5891 265 -1148 -70 0 0 0 0 0 0 1
5906 144 -1140 -31 0 0 0 0 0 0 1
5922 105 -1148 -50 0 0 0 0 0 0 1
5938 132 -1027 39 0 0 0 0 0 0 1
5953 492 -871 -144 0 0 0 0 0 0 1
5969 402 -843 -187 0 0 0 0 0 0 1
5984 375 -785 -320 0 0 0 0 0 0 1
6000 363 -792 -320 0 0 0 0 0 0 1
6016 242 -781 -246 0 0 0 0 0 0 1
6031 265 -726 -265 0 0 0 0 0 0 1
6047 320 -695 -265 0 0 0 0 0 0 1
6062 292 -699 -257 0 0 0 0 0 0 1
6078 335 -703 -261 0 0 0 0 0 0 1
6094 347 -765 -203 0 0 0 0 0 0 1
6109 308 -792 -207 0 0 0 0 0 0 1
6125 273 -871 -292 0 0 0 0 0 0 1
6141 257 -945 -316 0 0 0 0 0 0 1
6156 199 -1015 -363 0 0 0 0 0 0 1
6172 136 -1070 -343 0 0 0 0 0 0 1
6188 121 -1144 -378 0 0 0 0 0 0 1
6203 62 -1167 -324 0 0 0 0 0 0 1
6219 0 -1234 -335 0 0 0 0 0 0 1
6234 -39 -1250 -308 0 0 0 0 0 0 1
6250 0 -1246 -250 0 0 0 0 0 0 1
6266 11 -1277 -105 0 0 0 0 0 0 1
6281 -3 -1269 -11 0 0 0 0 0 0 1
6297 11 -1238 35 0 0 0 0 0 0 1
6312 -85 -1218 101 0 0 0 0 0 0 1
6328 -171 -1175 82 0 0 0 0 0 0 1
6344 -187 -1152 82 0 0 0 0 0 0 1
6359 -304 -1121 3 0 0 0 0 0 0 1
6375 -375 -1117 -15 0 0 0 0 0 0 1
6391 -363 -1023 -89 0 0 0 0 0 0 1
6406 -257 -968 -152 0 0 0 0 0 0 1
6422 -140 -1457 441 0 0 0 0 0 0 1
6438 183 -1273 -535 0 0 0 0 0 0 1
6453 562 -1792 -175 0 0 0 0 0 0 1
6469 -550 -1113 0 0 0 0 0 0 0 1
6484 -414 -679 -7 0 0 0 0 0 0 1
6500 171 -1144 27 0 0 0 0 0 0 1
6516 54 -1128 -3 0 0 0 0 0 0 1
6531 253 -972 -125 0 0 0 0 0 0 1
6547 246 -1042 -167 0 0 0 0 0 0 1
6562 35 -1042 -179 0 0 0 0 0 0 1
6578 82 -1015 -152 0 0 0 0 0 0 1
6594 238 -1000 -85 0 0 0 0 0 0 1
6609 304 -941 -23 0 0 0 0 0 0 1
6625 320 -921 -50 0 0 0 0 0 0 1
6641 308 -960 -42 0 0 0 0 0 0 1
6656 250 -984 -82 0 0 0 0 0 0 1
6672 269 -972 -93 0 0 0 0 0 0 1
6688 277 -960 -82 0 0 0 0 0 0 1
6703 285 -964 -35 0 0 0 0 0 0 1
6719 296 -953 -62 0 0 0 0 0 0 1
6734 265 -968 -78 0 0 0 0 0 0 1
6750 269 -984 -85 0 0 0 0 0 0 1
6766 234 -996 -11 0 0 0 0 0 0 1
6781 210 -972 -50 0 0 0 0 0 0 1
6797 230 -988 -97 0 0 0 0 0 0 1
6812 179 -980 -121 0 0 0 0 0 0 1
6828 175 -1000 -113 0 0 0 0 0 0 1
6844 199 -996 -101 0 0 0 0 0 0 1
6859 183 -1003 -82 0 0 0 0 0 0 1
6875 191 -996 -54 0 0 0 0 0 0 1
6891 199 -1003 -27 0 0 0 0 0 0 1
6906 203 -996 -42 0 0 0 0 0 0 1
6922 242 -992 -11 0 0 0 0 0 0 1
6938 214 -1003 -39 0 0 0 0 0 0 1
6953 246 -1007 -70 0 0 0 0 0 0 1
6969 171 -1027 -128 0 0 0 0 0 0 1
6984 171 -1042 -78 0 0 0 0 0 0 1
7000 167 -1042 -117 0 0 0 0 0 0 1
7016 144 -1050 -125 0 0 0 0 0 0 1
7031 152 -1105 -214 0 0 0 0 0 0 1
7047 164 -1277 -210 0 0 0 0 0 0 1
7062 351 -1484 -42 0 0 0 0 0 0 1
7078 390 -1199 -351 0 0 0 0 0 0 1
7094 -31 -1308 -257 0 0 0 0 0 0 1
7109 339 -1382 -265 0 0 0 0 0 0 1
7125 460 -1308 -261 0 0 0 0 0 0 1
7141 433 -1277 -199 0 0 0 0 0 0 1
7156 562 -1312 -175 0 0 0 0 0 0 1
7172 523 -1164 -117 0 0 0 0 0 0 1
7188 402 -1015 -62 0 0 0 0 0 0 1
7203 214 -902 78 0 0 0 0 0 0 1
7219 -160 -996 214 0 0 0 0 0 0 1
7234 -277 -867 -11 0 0 0 0 0 0 1
7250 1144 -597 -70 0 0 0 0 0 0 1
7266 460 -582 -11 0 0 0 0 0 0 1
7281 -50 -625 66 0 0 0 0 0 0 1
7297 308 -496 54 0 0 0 0 0 0 1
7312 363 -542 39 0 0 0 0 0 0 1
7328 214 -675 27 0 0 0 0 0 0 1
7344 152 -730 -121 0 0 0 0 0 0 1
7359 191 -796 -222 0 0 0 0 0 0 1
7375 179 -863 -250 0 0 0 0 0 0 1
7391 70 -972 -285 0 0 0 0 0 0 1
7406 136 -1011 -257 0 0 0 0 0 0 1
7422 128 -1105 -312 0 0 0 0 0 0 1
7438 11 -1183 -410 0 0 0 0 0 0 1
7453 -46 -1199 -496 0 0 0 0 0 0 1
7469 -54 -1238 -585 0 0 0 0 0 0 1
7484 -46 -1273 -531 0 0 0 0 0 0 1
7500 3 -1304 -421 0 0 0 0 0 0 1
7516 -3 -1343 -351 0 0 0 0 0 0 1
7531 7 -1382 -339 0 0 0 0 0 0 1
7547 11 -1402 -328 0 0 0 0 0 0 1
7562 39 -1304 -132 0 0 0 0 0 0 1
7578 11 -1183 156 0 0 0 0 0 0 1
7594 27 -1214 31 0 0 0 0 0 0 1
7609 -250 -1214 -167 0 0 0 0 0 0 1
7625 -679 -1140 -238 0 0 0 0 0 0 1
7641 -621 -1191 -195 0 0 0 0 0 0 1
7656 -484 -1199 -140 0 0 0 0 0 0 1
7672 -457 -1125 -148 0 0 0 0 0 0 1
7688 -480 -1105 -203 0 0 0 0 0 0 1
7703 -312 -914 -457 0 0 0 0 0 0 1
7719 -31 -1085 -667 0 0 0 0 0 0 1
7734 1222 144 -390 0 0 0 0 0 0 1
7750 -175 -2058 -468 0 0 0 0 0 0 1
7766 -1781 -1460 62 0 0 0 0 0 0 1
7781 1078 -894 -74 0 0 0 0 0 0 1
7797 222 -1363 210 0 0 0 0 0 0 1
7812 3 -554 140 0 0 0 0 0 0 1
7828 519 -781 0 0 0 0 0 0 0 1
7844 402 -1074 -238 0 0 0 0 0 0 1
7859 328 -1089 -234 0 0 0 0 0 0 1
7875 54 -976 -199 0 0 0 0 0 0 1
7891 207 -1023 -144 0 0 0 0 0 0 1
7906 179 -1003 -62 0 0 0 0 0 0 1
7922 339 -917 -39 0 0 0 0 0 0 1
7938 363 -902 -11 0 0 0 0 0 0 1
7953 292 -976 -11 0 0 0 0 0 0 1
7969 261 -1007 -109 0 0 0 0 0 0 1
7984 171 -992 -140 0 0 0 0 0 0 1
8000 226 -1000 -78 0 0 0 0 0 0 1
8016 257 -980 -15 0 0 0 0 0 0 1
8031 246 -960 -3 0 0 0 0 0 0 1
8047 257 -957 -85 0 0 0 0 0 0 1
8062 246 -980 -42 0 0 0 0 0 0 1
8078 253 -972 -46 0 0 0 0 0 0 1
8094 261 -964 -105 0 0 0 0 0 0 1
8109 253 -953 -82 0 0 0 0 0 0 1
8125 277 -960 -85 0 0 0 0 0 0 1
8141 242 -988 -89 0 0 0 0 0 0 1
8156 226 -968 -70 0 0 0 0 0 0 1
8172 238 -984 -54 0 0 0 0 0 0 1
8188 250 -968 -15 0 0 0 0 0 0 1
8203 214 -1011 -23 0 0 0 0 0 0 1
8219 218 -996 -31 0 0 0 0 0 0 1
8234 195 -992 -35 0 0 0 0 0 0 1
8250 199 -992 -62 0 0 0 0 0 0 1
8266 234 -988 -109 0 0 0 0 0 0 1
8281 234 -992 -78 0 0 0 0 0 0 1
8297 226 -996 -7 0 0 0 0 0 0 1
8312 203 -1007 -39 0 0 0 0 0 0 1
8328 187 -1007 -27 0 0 0 0 0 0 1
8344 164 -1027 -121 0 0 0 0 0 0 1
8359 238 -1152 148 0 0 0 0 0 0 1
8375 503 -1035 -54 0 0 0 0 0 0 1
8391 289 -1285 -109 0 0 0 0 0 0 1
8406 253 -1445 -246 0 0 0 0 0 0 1
8422 320 -1398 257 0 0 0 0 0 0 1
8438 386 -1648 -417 0 0 0 0 0 0 1
8453 238 -1628 -218 0 0 0 0 0 0 1
8469 632 -1347 -355 0 0 0 0 0 0 1
8484 433 -1007 -257 0 0 0 0 0 0 1
8500 144 -769 -66 0 0 0 0 0 0 1
8516 74 -789 23 0 0 0 0 0 0 1
8531 -117 -703 -105 0 0 0 0 0 0 1
8547 605 -488 -316 0 0 0 0 0 0 1
8562 273 -632 -335 0 0 0 0 0 0 1
8578 191 -613 -265 0 0 0 0 0 0 1
8594 226 -644 -410 0 0 0 0 0 0 1
8609 214 -687 -402 0 0 0 0 0 0 1
8625 191 -753 -449 0 0 0 0 0 0 1
8641 218 -824 -425 0 0 0 0 0 0 1
8656 214 -875 -484 0 0 0 0 0 0 1
8672 183 -917 -429 0 0 0 0 0 0 1
8688 187 -953 -410 0 0 0 0 0 0 1
8703 171 -1015 -398 0 0 0 0 0 0 1
8719 152 -1121 -367 0 0 0 0 0 0 1
8734 82 -1144 -363 0 0 0 0 0 0 1
8750 19 -1183 -355 0 0 0 0 0 0 1
8766 35 -1199 -320 0 0 0 0 0 0 1
8781 58 -1226 -382 0 0 0 0 0 0 1
8797 89 -1203 -292 0 0 0 0 0 0 1
8812 54 -1230 -246 0 0 0 0 0 0 1
8828 46 -1238 -199 0 0 0 0 0 0 1
8844 23 -1210 -156 0 0 0 0 0 0 1
8859 0 -1179 -125 0 0 0 0 0 0 1
8875 -46 -1148 -132 0 0 0 0 0 0 1
8891 -203 -1156 -101 0 0 0 0 0 0 1
8906 -230 -1125 -156 0 0 0 0 0 0 1
8922 -195 -1007 -238 0 0 0 0 0 0 1
8938 -199 -964 -164 0 0 0 0 0 0 1
8953 -167 -941 -218 0 0 0 0 0 0 1
8969 -132 -886 -218 0 0 0 0 0 0 1
8984 -19 -890 -105 0 0 0 0 0 0 1
9000 -125 -953 -164 0 0 0 0 0 0 1
9016 -97 -1003 -50 0 0 0 0 0 0 1
9031 70 -1027 -23 0 0 0 0 0 0 1
9047 46 -1031 85 0 0 0 0 0 0 1
9062 113 -1042 109 0 0 0 0 0 0 1
9078 214 -1003 11 0 0 0 0 0 0 1
9094 941 -917 -203 0 0 0 0 0 0 1
9109 1785 -917 -617 0 0 0 0 0 0 1
9125 1347 -1460 -757 0 0 0 0 0 0 1
9141 -921 -1878 -363 0 0 0 0 0 0 1
9156 -199 -957 -367 0 0 0 0 0 0 1
9172 964 -496 -19 0 0 0 0 0 0 1
9188 546 -679 121 0 0 0 0 0 0 1
9203 480 -738 19 0 0 0 0 0 0 1
9219 476 -863 -226 0 0 0 0 0 0 1
9234 128 -996 -355 0 0 0 0 0 0 1
9250 199 -1050 -273 0 0 0 0 0 0 1
9266 265 -957 -191 0 0 0 0 0 0 1
9281 457 -906 -11 0 0 0 0 0 0 1
9297 445 -953 70 0 0 0 0 0 0 1
9312 328 -972 27 0 0 0 0 0 0 1
9328 308 -949 -167 0 0 0 0 0 0 1
9344 324 -949 -132 0 0 0 0 0 0 1
9359 304 -964 -175 0 0 0 0 0 0 1
9375 339 -953 -128 0 0 0 0 0 0 1
9391 312 -953 -27 0 0 0 0 0 0 1
9406 289 -957 -101 0 0 0 0 0 0 1
9422 320 -957 -128 0 0 0 0 0 0 1
9438 304 -964 -121 0 0 0 0 0 0 1
9453 296 -953 -97 0 0 0 0 0 0 1
9469 257 -960 -113 0 0 0 0 0 0 1
9484 261 -968 -121 0 0 0 0 0 0 1
9500 281 -996 -93 0 0 0 0 0 0 1
9516 273 -992 -121 0 0 0 0 0 0 1
9531 281 -992 -54 0 0 0 0 0 0 1
9547 304 -957 -85 0 0 0 0 0 0 1
9562 292 -980 -15 0 0 0 0 0 0 1
9578 300 -968 -62 0 0 0 0 0 0 1
9594 277 -988 -70 0 0 0 0 0 0 1
9609 257 -992 -35 0 0 0 0 0 0 1
9625 261 -992 -101 0 0 0 0 0 0 1
9641 250 -1003 -78 0 0 0 0 0 0 1
9656 222 -1007 -58 0 0 0 0 0 0 1
9672 230 -1000 -74 0 0 0 0 0 0 1
9688 179 -1019 -105 0 0 0 0 0 0 1
9703 179 -1031 -109 0 0 0 0 0 0 1
9719 171 -1019 -70 0 0 0 0 0 0 1
9734 175 -1015 -50 0 0 0 0 0 0 1
9750 183 -1000 -42 0 0 0 0 0 0 1
9766 167 -1003 -42 0 0 0 0 0 0 1
9781 121 -1003 -74 0 0 0 0 0 0 1
9797 121 -1007 -85 0 0 0 0 0 0 1
9812 117 -1003 -85 0 0 0 0 0 0 1
9828 93 -1011 -31 0 0 0 0 0 0 1
9844 109 -1003 -113 0 0 0 0 0 0 1
9859 89 -996 -39 0 0 0 0 0 0 1
9875 58 -1000 -113 0 0 0 0 0 0 1
9891 35 -1011 -78 0 0 0 0 0 0 1
9906 46 -1015 -50 0 0 0 0 0 0 1
9922 27 -1023 -144 0 0 0 0 0 0 1
9938 3 -1062 -195 0 0 0 0 0 0 1
9953 -42 -1160 -320 0 0 0 0 0 0 1
9969 42 -1449 -78 0 0 0 0 0 0 1
9984 433 -1394 -179 0 0 0 0 0 0 1
10000 511 -1523 -292 0 0 0 0 0 0 1
10016 31 -1585 -292 0 0 0 0 0 0 1
10031 199 -1453 -273 0 0 0 0 0 0 1
10047 289 -1308 -347 0 0 0 0 0 0 1
10062 -89 -1074 -164 0 0 0 0 0 0 1
10078 -343 -957 -11 0 0 0 0 0 0 1
10094 -511 -996 105 0 0 0 0 0 0 1
10109 -500 -1003 70 0 0 0 0 0 0 1
10125 -410 -1035 164 0 0 0 0 0 0 1
10141 -347 -1023 54 0 0 0 0 0 0 1
10156 -292 -1003 74 0 0 0 0 0 0 1
10172 -265 -1011 207 0 0 0 0 0 0 1
10188 -171 -996 144 0 0 0 0 0 0 1
10203 -167 -953 35 0 0 0 0 0 0 1
10219 -175 -875 15 0 0 0 0 0 0 1
10234 -175 -765 -7 0 0 0 0 0 0 1
10250 -164 -667 -42 0 0 0 0 0 0 1
10266 -179 -640 -50 0 0 0 0 0 0 1
10281 -156 -617 -39 0 0 0 0 0 0 1
10297 -156 -632 0 0 0 0 0 0 0 1
10312 -132 -699 50 0 0 0 0 0 0 1
10328 -93 -683 23 0 0 0 0 0 0 1
10344 -93 -710 78 0 0 0 0 0 0 1
10359 -54 -687 70 0 0 0 0 0 0 1
10375 35 -667 82 0 0 0 0 0 0 1
10391 19 -691 27 0 0 0 0 0 0 1
10406 -7 -675 3 0 0 0 0 0 0 1
10422 15 -695 -19 0 0 0 0 0 0 1
10438 46 -718 -11 0 0 0 0 0 0 1
10453 39 -730 -50 0 0 0 0 0 0 1
10469 35 -757 -70 0 0 0 0 0 0 1
10484 58 -824 -113 0 0 0 0 0 0 1
10500 58 -917 -128 0 0 0 0 0 0 1
10516 31 -1039 -140 0 0 0 0 0 0 1
10531 7 -1156 -113 0 0 0 0 0 0 1
10547 -15 -1304 -152 0 0 0 0 0 0 1
10562 -62 -1316 -113 0 0 0 0 0 0 1
10578 -113 -1335 -238 0 0 0 0 0 0 1
10594 -39 -1324 -218 0 0 0 0 0 0 1
10609 11 -1355 -187 0 0 0 0 0 0 1
10625 19 -1375 -93 0 0 0 0 0 0 1
10641 42 -1429 -58 0 0 0 0 0 0 1
10656 -31 -1457 -27 0 0 0 0 0 0 1
10672 -11 -1460 -101 0 0 0 0 0 0 1
10688 -23 -1492 7 0 0 0 0 0 0 1
10703 -167 -1472 15 0 0 0 0 0 0 1
10719 -148 -1367 27 0 0 0 0 0 0 1
10734 -261 -1281 74 0 0 0 0 0 0 1
10750 -531 -1246 31 0 0 0 0 0 0 1
10766 -726 -1238 -27 0 0 0 0 0 0 1
10781 -761 -1218 39 0 0 0 0 0 0 1
10797 -757 -1203 -11 0 0 0 0 0 0 1
10812 -617 -1167 -66 0 0 0 0 0 0 1
10828 -429 -1128 -132 0 0 0 0 0 0 1
10844 85 -988 -253 0 0 0 0 0 0 1
10859 386 -542 -640 0 0 0 0 0 0 1
10875 3820 136 -441 0 0 0 0 0 0 1
10891 2230 -1507 -574 0 0 0 0 0 0 1
10906 -1765 -2425 -304 0 0 0 0 0 0 1
10922 -1058 -1246 289 0 0 0 0 0 0 1
10938 316 -925 -3 0 0 0 0 0 0 1
10953 652 -664 -74 0 0 0 0 0 0 1
10969 570 -902 -101 0 0 0 0 0 0 1
10984 460 -898 -199 0 0 0 0 0 0 1
11000 398 -949 -156 0 0 0 0 0 0 1
11016 191 -921 -191 0 0 0 0 0 0 1
11031 355 -917 -187 0 0 0 0 0 0 1
11047 394 -863 -97 0 0 0 0 0 0 1
11062 500 -855 -46 0 0 0 0 0 0 1
11078 421 -914 -66 0 0 0 0 0 0 1
11094 351 -917 -50 0 0 0 0 0 0 1
11109 332 -953 -105 0 0 0 0 0 0 1
11125 316 -957 -175 0 0 0 0 0 0 1
11141 347 -945 -82 0 0 0 0 0 0 1
11156 359 -937 -82 0 0 0 0 0 0 1
11172 324 -957 -97 0 0 0 0 0 0 1
11188 347 -960 -78 0 0 0 0 0 0 1
11203 292 -953 -85 0 0 0 0 0 0 1
11219 296 -964 -121 0 0 0 0 0 0 1
11234 304 -968 -109 0 0 0 0 0 0 1
11250 312 -960 -42 0 0 0 0 0 0 1
11266 246 -964 -58 0 0 0 0 0 0 1
11281 250 -953 -62 0 0 0 0 0 0 1
11297 285 -980 -101 0 0 0 0 0 0 1
11312 246 -980 -93 0 0 0 0 0 0 1
11328 226 -968 -125 0 0 0 0 0 0 1
11344 234 -976 -54 0 0 0 0 0 0 1
11359 246 -968 -70 0 0 0 0 0 0 1
11375 312 -937 -15 0 0 0 0 0 0 1
11391 292 -957 -23 0 0 0 0 0 0 1
11406 296 -953 -42 0 0 0 0 0 0 1
11422 230 -980 -140 0 0 0 0 0 0 1
11438 226 -996 -113 0 0 0 0 0 0 1
11453 207 -1000 -105 0 0 0 0 0 0 1
11469 230 -980 -15 0 0 0 0 0 0 1
11484 218 -980 -85 0 0 0 0 0 0 1
11500 199 -988 -109 0 0 0 0 0 0 1
11516 183 -996 -82 0 0 0 0 0 0 1
11531 191 -996 -58 0 0 0 0 0 0 1
11547 171 -988 -35 0 0 0 0 0 0 1
11562 121 -1000 -93 0 0 0 0 0 0 1
11578 132 -1000 -78 0 0 0 0 0 0 1
11594 136 -980 -78 0 0 0 0 0 0 1
11609 148 -1000 -42 0 0 0 0 0 0 1
11625 132 -1023 -117 0 0 0 0 0 0 1
11641 136 -1031 -93 0 0 0 0 0 0 1
11656 109 -1042 -171 0 0 0 0 0 0 1
11672 50 -1042 -140 0 0 0 0 0 0 1
11688 70 -1066 -187 0 0 0 0 0 0 1
11703 117 -1152 -39 0 0 0 0 0 0 1
11719 195 -1214 -113 0 0 0 0 0 0 1
11734 242 -1175 -316 0 0 0 0 0 0 1
11750 19 -1367 -246 0 0 0 0 0 0 1
11766 117 -1390 -351 0 0 0 0 0 0 1
11781 222 -1367 -457 0 0 0 0 0 0 1
11797 226 -1339 -414 0 0 0 0 0 0 1
11812 320 -1250 -343 0 0 0 0 0 0 1
11828 300 -1285 -199 0 0 0 0 0 0 1
11844 39 -1261 -27 0 0 0 0 0 0 1
11859 -171 -1226 11 0 0 0 0 0 0 1
11875 -156 -1152 11 0 0 0 0 0 0 1
11891 -144 -1058 39 0 0 0 0 0 0 1
11906 -31 -1019 31 0 0 0 0 0 0 1
11922 23 -992 117 0 0 0 0 0 0 1
11938 250 -863 121 0 0 0 0 0 0 1
11953 304 -906 93 0 0 0 0 0 0 1
11969 70 -859 74 0 0 0 0 0 0 1
11984 128 -746 11 0 0 0 0 0 0 1
12000 156 -660 35 0 0 0 0 0 0 1
12016 101 -574 11 0 0 0 0 0 0 1
12031 109 -535 -39 0 0 0 0 0 0 1
12047 105 -554 -3 0 0 0 0 0 0 1
12062 70 -601 -42 0 0 0 0 0 0 1
12078 74 -664 -46 0 0 0 0 0 0 1
12094 66 -757 -58 0 0 0 0 0 0 1
12109 19 -789 -62 0 0 0 0 0 0 1
12125 27 -828 -70 0 0 0 0 0 0 1
12141 39 -925 -85 0 0 0 0 0 0 1
12156 -62 -945 -50 0 0 0 0 0 0 1
12172 -42 -968 -15 0 0 0 0 0 0 1
12188 -50 -992 -117 0 0 0 0 0 0 1
12203 -105 -1039 -125 0 0 0 0 0 0 1
12219 -121 -1093 -97 0 0 0 0 0 0 1
12234 -82 -1175 42 0 0 0 0 0 0 1
12250 -195 -1265 117 0 0 0 0 0 0 1
12266 -339 -1414 214 0 0 0 0 0 0 1
12281 -378 -1539 250 0 0 0 0 0 0 1
12297 -773 -1554 265 0 0 0 0 0 0 1
12312 -941 -1566 246 0 0 0 0 0 0 1
12328 -1062 -1496 132 0 0 0 0 0 0 1
12344 -1097 -1480 101 0 0 0 0 0 0 1
12359 -1339 -1480 148 0 0 0 0 0 0 1
12375 -1089 -1371 -35 0 0 0 0 0 0 1
12391 -757 -757 -125 0 0 0 0 0 0 1
12406 1777 -667 -218 0 0 0 0 0 0 1
12422 1429 -1125 109 0 0 0 0 0 0 1
12438 921 -1542 -179 0 0 0 0 0 0 1
12453 -160 -1519 -675 0 0 0 0 0 0 1
12469 843 -1031 -714 0 0 0 0 0 0 1
12484 605 -1085 -617 0 0 0 0 0 0 1
12500 320 -933 -54 0 0 0 0 0 0 1
12516 207 -843 152 0 0 0 0 0 0 1
12531 554 -898 66 0 0 0 0 0 0 1
12547 285 -945 -117 0 0 0 0 0 0 1
12562 136 -976 -148 0 0 0 0 0 0 1
12578 183 -984 -218 0 0 0 0 0 0 1
12594 277 -984 -156 0 0 0 0 0 0 1
12609 289 -972 -70 0 0 0 0 0 0 1
12625 312 -984 -58 0 0 0 0 0 0 1
12641 300 -1007 -85 0 0 0 0 0 0 1
12656 257 -976 -164 0 0 0 0 0 0 1
12672 242 -988 -82 0 0 0 0 0 0 1
12688 242 -968 -105 0 0 0 0 0 0 1
12703 285 -980 -97 0 0 0 0 0 0 1
12719 269 -972 -144 0 0 0 0 0 0 1
12734 265 -968 -121 0 0 0 0 0 0 1
12750 265 -960 -93 0 0 0 0 0 0 1
12766 253 -949 -66 0 0 0 0 0 0 1
12781 273 -945 -109 0 0 0 0 0 0 1
12797 261 -964 -89 0 0 0 0 0 0 1
12812 257 -968 -89 0 0 0 0 0 0 1
12828 250 -988 -70 0 0 0 0 0 0 1
12844 242 -976 -148 0 0 0 0 0 0 1
12859 246 -964 -132 0 0 0 0 0 0 1
12875 277 -976 -11 0 0 0 0 0 0 1
12891 257 -960 -89 0 0 0 0 0 0 1
12906 242 -1000 -27 0 0 0 0 0 0 1
12922 226 -976 -66 0 0 0 0 0 0 1
12938 214 -988 -121 0 0 0 0 0 0 1
12953 218 -984 -105 0 0 0 0 0 0 1
12969 273 -968 -70 0 0 0 0 0 0 1
12984 277 -988 -85 0 0 0 0 0 0 1
13000 222 -968 -101 0 0 0 0 0 0 1
13016 210 -988 -74 0 0 0 0 0 0 1
13031 210 -980 -113 0 0 0 0 0 0 1
13047 214 -984 -144 0 0 0 0 0 0 1
13062 207 -980 -152 0 0 0 0 0 0 1
13078 214 -992 -109 0 0 0 0 0 0 1
13094 214 -968 -74 0 0 0 0 0 0 1
13109 222 -972 -89 0 0 0 0 0 0 1
13125 238 -996 -109 0 0 0 0 0 0 1
13141 230 -980 -152 0 0 0 0 0 0 1
13156 269 -988 -125 0 0 0 0 0 0 1
13172 277 -964 -179 0 0 0 0 0 0 1
13188 277 -960 -97 0 0 0 0 0 0 1
13203 289 -972 -222 0 0 0 0 0 0 1
13219 277 -972 -210 0 0 0 0 0 0 1
13234 281 -964 -195 0 0 0 0 0 0 1
13250 292 -988 -156 0 0 0 0 0 0 1
13266 320 -964 -191 0 0 0 0 0 0 1
13281 203 -945 -230 0 0 0 0 0 0 1
13297 226 -976 -199 0 0 0 0 0 0 1
13312 191 -996 -207 0 0 0 0 0 0 1
13328 183 -1003 -214 0 0 0 0 0 0 1
13344 164 -1003 -210 0 0 0 0 0 0 1
13359 171 -1011 -304 0 0 0 0 0 0 1
13375 214 -1019 -191 0 0 0 0 0 0 1
13391 191 -1011 -218 0 0 0 0 0 0 1
13406 183 -1015 -171 0 0 0 0 0 0 1
13422 199 -1015 -148 0 0 0 0 0 0 1
13438 199 -1023 -175 0 0 0 0 0 0 1
13453 214 -1031 -105 0 0 0 0 0 0 1
13469 128 -1023 -160 0 0 0 0 0 0 1
13484 97 -1066 -128 0 0 0 0 0 0 1
13500 101 -1078 -191 0 0 0 0 0 0 1
13516 109 -1078 -125 0 0 0 0 0 0 1
13531 160 -1007 -175 0 0 0 0 0 0 1
13547 160 -984 -246 0 0 0 0 0 0 1
13562 164 -949 -230 0 0 0 0 0 0 1
13578 183 -1031 -222 0 0 0 0 0 0 1
13594 234 -832 -261 0 0 0 0 0 0 1
13609 132 -929 -343 0 0 0 0 0 0 1
13625 85 -886 -351 0 0 0 0 0 0 1
13641 23 -878 -375 0 0 0 0 0 0 1
13656 0 -863 -378 0 0 0 0 0 0 1
13672 -58 -898 -343 0 0 0 0 0 0 1
13688 -70 -945 -324 0 0 0 0 0 0 1
13703 0 -953 -261 0 0 0 0 0 0 1
13719 78 -960 -218 0 0 0 0 0 0 1
13734 105 -937 -140 0 0 0 0 0 0 1
13750 156 -941 -191 0 0 0 0 0 0 1
13766 171 -929 -113 0 0 0 0 0 0 1
13781 121 -957 -175 0 0 0 0 0 0 1
13797 101 -964 -246 0 0 0 0 0 0 1
13812 89 -949 -273 0 0 0 0 0 0 1
13828 89 -929 -316 0 0 0 0 0 0 1
13844 93 -933 -296 0 0 0 0 0 0 1
13859 85 -937 -269 0 0 0 0 0 0 1
13875 105 -964 -273 0 0 0 0 0 0 1
13891 117 -972 -253 0 0 0 0 0 0 1
13906 125 -984 -257 0 0 0 0 0 0 1
13922 128 -960 -230 0 0 0 0 0 0 1
13938 113 -996 -210 0 0 0 0 0 0 1
13953 214 -996 -175 0 0 0 0 0 0 1
13969 218 -1015 -203 0 0 0 0 0 0 1
13984 238 -1011 -285 0 0 0 0 0 0 1
14000 285 -1042 -234 0 0 0 0 0 0 1
14016 289 -1027 -214 0 0 0 0 0 0 1
14031 277 -1039 -234 0 0 0 0 0 0 1
14047 238 -1011 -289 0 0 0 0 0 0 1
14062 246 -1000 -269 0 0 0 0 0 0 1
14078 203 -992 -218 0 0 0 0 0 0 1
14094 179 -984 -230 0 0 0 0 0 0 1
14109 203 -957 -273 0 0 0 0 0 0 1
14125 195 -953 -253 0 0 0 0 0 0 1
14141 183 -957 -199 0 0 0 0 0 0 1
14156 140 -933 -222 0 0 0 0 0 0 1
14172 144 -968 -207 0 0 0 0 0 0 1
14188 132 -964 -292 0 0 0 0 0 0 1
14203 164 -968 -265 0 0 0 0 0 0 1
14219 160 -984 -214 0 0 0 0 0 0 1
14234 144 -984 -246 0 0 0 0 0 0 1
14250 144 -984 -289 0 0 0 0 0 0 1
14266 175 -972 -222 0 0 0 0 0 0 1
14281 175 -980 -230 0 0 0 0 0 0 1
14297 167 -964 -285 0 0 0 0 0 0 1
14312 191 -976 -281 0 0 0 0 0 0 1
14328 179 -949 -324 0 0 0 0 0 0 1
14344 148 -968 -250 0 0 0 0 0 0 1
14359 109 -984 -265 0 0 0 0 0 0 1
14375 74 -988 -281 0 0 0 0 0 0 1
14391 203 -953 -269 0 0 0 0 0 0 1
14406 187 -968 -296 0 0 0 0 0 0 1
14422 160 -976 -300 0 0 0 0 0 0 1
14438 179 -972 -285 0 0 0 0 0 0 1
14453 179 -988 -253 0 0 0 0 0 0 1
14469 171 -992 -226 0 0 0 0 0 0 1
14484 187 -980 -289 0 0 0 0 0 0 1
14500 222 -984 -234 0 0 0 0 0 0 1
14516 191 -988 -250 0 0 0 0 0 0 1
14531 210 -984 -250 0 0 0 0 0 0 1
14547 226 -976 -261 0 0 0 0 0 0 1
14562 238 -968 -277 0 0 0 0 0 0 1
14578 183 -968 -250 0 0 0 0 0 0 1
14594 156 -984 -207 0 0 0 0 0 0 1
14609 160 -984 -234 0 0 0 0 0 0 1
14625 179 -968 -316 0 0 0 0 0 0 1
14641 218 -968 -277 0 0 0 0 0 0 1
14656 191 -960 -253 0 0 0 0 0 0 1
14672 164 -964 -292 0 0 0 0 0 0 1
14688 171 -972 -214 0 0 0 0 0 0 1
14703 132 -980 -253 0 0 0 0 0 0 1
14719 156 -968 -242 0 0 0 0 0 0 1
14734 179 -968 -253 0 0 0 0 0 0 1
14750 175 -972 -273 0 0 0 0 0 0 1
14766 171 -968 -269 0 0 0 0 0 0 1
14781 214 -968 -246 0 0 0 0 0 0 1
14797 191 -960 -195 0 0 0 0 0 0 1
14812 156 -980 -253 0 0 0 0 0 0 1
14828 191 -968 -238 0 0 0 0 0 0 1
14844 175 -984 -261 0 0 0 0 0 0 1
14859 226 -976 -230 0 0 0 0 0 0 1
14875 210 -964 -273 0 0 0 0 0 0 1
14891 222 -964 -246 0 0 0 0 0 0 1
14906 214 -960 -210 0 0 0 0 0 0 1
14922 207 -996 -214 0 0 0 0 0 0 1
14938 179 -976 -316 0 0 0 0 0 0 1
14953 214 -964 -222 0 0 0 0 0 0 1
14969 210 -980 -226 0 0 0 0 0 0 1
14984 218 -976 -207 0 0 0 0 0 0 1
15000 195 -964 -226 0 0 0 0 0 0 1
15016 187 -960 -265 0 0 0 0 0 0 1
15031 179 -976 -261 0 0 0 0 0 0 1
15047 230 -953 -171 0 0 0 0 0 0 1
15062 195 -968 -234 0 0 0 0 0 0 1
15078 195 -976 -269 0 0 0 0 0 0 1
15094 222 -953 -234 0 0 0 0 0 0 1
15109 226 -949 -250 0 0 0 0 0 0 1
15125 152 -984 -187 0 0 0 0 0 0 1
15141 179 -976 -230 0 0 0 0 0 0 1
15156 187 -960 -199 0 0 0 0 0 0 1
15172 199 -992 -246 0 0 0 0 0 0 1
15188 203 -968 -269 0 0 0 0 0 0 1
15203 210 -949 -289 0 0 0 0 0 0 1
15219 218 -984 -214 0 0 0 0 0 0 1
15234 222 -972 -257 0 0 0 0 0 0 1
15250 210 -964 -203 0 0 0 0 0 0 1
15266 164 -980 -218 0 0 0 0 0 0 1
15281 230 -964 -230 0 0 0 0 0 0 1
15297 238 -953 -261 0 0 0 0 0 0 1
15312 167 -984 -191 0 0 0 0 0 0 1
15328 140 -992 -257 0 0 0 0 0 0 1
15344 152 -968 -257 0 0 0 0 0 0 1
15359 187 -984 -265 0 0 0 0 0 0 1
15375 191 -980 -230 0 0 0 0 0 0 1
15391 195 -968 -210 0 0 0 0 0 0 1
15406 187 -960 -207 0 0 0 0 0 0 1
15422 179 -972 -214 0 0 0 0 0 0 1
15438 187 -972 -238 0 0 0 0 0 0 1
15453 183 -976 -179 0 0 0 0 0 0 1
15469 187 -972 -238 0 0 0 0 0 0 1
15484 187 -984 -265 0 0 0 0 0 0 1
15500 179 -976 -273 0 0 0 0 0 0 1
15516 175 -968 -269 0 0 0 0 0 0 1
15531 187 -980 -207 0 0 0 0 0 0 1
15547 167 -976 -242 0 0 0 0 0 0 1
15562 175 -968 -269 0 0 0 0 0 0 1
15578 179 -972 -285 0 0 0 0 0 0 1
15594 175 -968 -277 0 0 0 0 0 0 1
15609 183 -976 -222 0 0 0 0 0 0 1
15625 199 -972 -304 0 0 0 0 0 0 1
15641 175 -972 -250 0 0 0 0 0 0 1
15656 156 -968 -277 0 0 0 0 0 0 1
15672 183 -964 -214 0 0 0 0 0 0 1
15688 175 -972 -250 0 0 0 0 0 0 1
15703 179 -968 -226 0 0 0 0 0 0 1
15719 160 -976 -289 0 0 0 0 0 0 1
15734 175 -984 -234 0 0 0 0 0 0 1
15750 179 -972 -207 0 0 0 0 0 0 1
15766 164 -976 -242 0 0 0 0 0 0 1
15781 183 -968 -242 0 0 0 0 0 0 1
15797 183 -960 -269 0 0 0 0 0 0 1
15812 191 -968 -265 0 0 0 0 0 0 1
15828 179 -984 -261 0 0 0 0 0 0 1
15844 164 -964 -230 0 0 0 0 0 0 1
15859 183 -992 -242 0 0 0 0 0 0 1
15875 203 -976 -253 0 0 0 0 0 0 1
15891 187 -972 -304 0 0 0 0 0 0 1
15906 187 -976 -222 0 0 0 0 0 0 1
15922 187 -968 -230 0 0 0 0 0 0 1
15938 179 -960 -296 0 0 0 0 0 0 1
15953 195 -980 -238 0 0 0 0 0 0 1
15969 179 -964 -308 0 0 0 0 0 0 1
15984 199 -972 -257 0 0 0 0 0 0 1
16000 187 -980 -246 0 0 0 0 0 0 1
16016 183 -968 -222 0 0 0 0 0 0 1
16031 183 -960 -304 0 0 0 0 0 0 1
16047 183 -972 -261 0 0 0 0 0 0 1
16062 179 -972 -191 0 0 0 0 0 0 1
16078 175 -992 -246 0 0 0 0 0 0 1
16094 187 -976 -191 0 0 0 0 0 0 1
16109 175 -980 -261 0 0 0 0 0 0 1
16125 183 -964 -238 0 0 0 0 0 0 1
16141 171 -976 -230 0 0 0 0 0 0 1
16156 179 -964 -312 0 0 0 0 0 0 1
16172 187 -976 -234 0 0 0 0 0 0 1
16188 167 -976 -257 0 0 0 0 0 0 1
16203 187 -984 -269 0 0 0 0 0 0 1
16219 179 -976 -269 0 0 0 0 0 0 1
16234 179 -968 -226 0 0 0 0 0 0 1
16250 183 -968 -257 0 0 0 0 0 0 1
16266 191 -968 -210 0 0 0 0 0 0 1
16281 160 -984 -265 0 0 0 0 0 0 1
16297 160 -976 -234 0 0 0 0 0 0 1
16312 175 -980 -214 0 0 0 0 0 0 1
16328 167 -980 -304 0 0 0 0 0 0 1
16344 183 -976 -238 0 0 0 0 0 0 1
16359 175 -988 -246 0 0 0 0 0 0 1
16375 164 -980 -246 0 0 0 0 0 0 1
16391 183 -988 -234 0 0 0 0 0 0 1
16406 175 -980 -261 0 0 0 0 0 0 1
16422 175 -972 -277 0 0 0 0 0 0 1
16438 171 -980 -214 0 0 0 0 0 0 1
16453 171 -960 -246 0 0 0 0 0 0 1
16469 187 -976 -222 0 0 0 0 0 0 1
16484 164 -976 -238 0 0 0 0 0 0 1
16500 175 -976 -218 0 0 0 0 0 0 1
16516 183 -976 -246 0 0 0 0 0 0 1
16531 175 -980 -261 0 0 0 0 0 0 1
16547 175 -957 -234 0 0 0 0 0 0 1
16562 171 -984 -257 0 0 0 0 0 0 1
16578 148 -960 -300 0 0 0 0 0 0 1
16594 179 -972 -230 0 0 0 0 0 0 1
16609 171 -968 -308 0 0 0 0 0 0 1
16625 160 -988 -273 0 0 0 0 0 0 1
16641 179 -984 -273 0 0 0 0 0 0 1
16656 175 -972 -230 0 0 0 0 0 0 1
16672 195 -972 -203 0 0 0 0 0 0 1
16688 179 -945 -257 0 0 0 0 0 0 1
16703 167 -968 -261 0 0 0 0 0 0 1
16719 171 -984 -246 0 0 0 0 0 0 1
16734 191 -976 -238 0 0 0 0 0 0 1
16750 164 -968 -207 0 0 0 0 0 0 1
16766 164 -949 -285 0 0 0 0 0 0 1
16781 175 -964 -234 0 0 0 0 0 0 1
16797 179 -960 -285 0 0 0 0 0 0 1
16812 175 -968 -234 0 0 0 0 0 0 1
16828 167 -980 -226 0 0 0 0 0 0 1
16844 171 -972 -253 0 0 0 0 0 0 1
16859 175 -980 -273 0 0 0 0 0 0 1
16875 171 -968 -238 0 0 0 0 0 0 1
16891 179 -968 -304 0 0 0 0 0 0 1
16906 183 -968 -292 0 0 0 0 0 0 1
16922 203 -972 -230 0 0 0 0 0 0 1
16938 152 -976 -226 0 0 0 0 0 0 1
16953 175 -960 -253 0 0 0 0 0 0 1
16969 179 -980 -257 0 0 0 0 0 0 1
16984 183 -976 -257 0 0 0 0 0 0 1
17000 171 -968 -308 0 0 0 0 0 0 1
17016 183 -960 -253 0 0 0 0 0 0 1
17031 183 -964 -253 0 0 0 0 0 0 1
17047 179 -996 -285 0 0 0 0 0 0 1
17062 171 -968 -230 0 0 0 0 0 0 1
17078 175 -976 -250 0 0 0 0 0 0 1
17094 171 -980 -234 0 0 0 0 0 0 1
17109 175 -960 -242 0 0 0 0 0 0 1
17125 179 -953 -257 0 0 0 0 0 0 1
17141 183 -976 -226 0 0 0 0 0 0 1
17156 160 -972 -285 0 0 0 0 0 0 1
17172 167 -972 -222 0 0 0 0 0 0 1
17188 187 -964 -250 0 0 0 0 0 0 1
17203 171 -972 -230 0 0 0 0 0 0 1
17219 179 -984 -257 0 0 0 0 0 0 1
17234 179 -968 -257 0 0 0 0 0 0 1
17250 164 -964 -265 0 0 0 0 0 0 1
17266 183 -968 -226 0 0 0 0 0 0 1
17281 175 -976 -238 0 0 0 0 0 0 1
17297 191 -976 -269 0 0 0 0 0 0 1
17312 187 -984 -218 0 0 0 0 0 0 1
17328 175 -960 -273 0 0 0 0 0 0 1
17344 171 -980 -308 0 0 0 0 0 0 1
17359 203 -988 -265 0 0 0 0 0 0 1
17375 199 -976 -218 0 0 0 0 0 0 1
17391 195 -957 -277 0 0 0 0 0 0 1
17406 175 -988 -250 0 0 0 0 0 0 1
17422 164 -964 -261 0 0 0 0 0 0 1
17438 171 -972 -246 0 0 0 0 0 0 1
17453 183 -957 -199 0 0 0 0 0 0 1
17469 191 -964 -222 0 0 0 0 0 0 1
17484 175 -976 -257 0 0 0 0 0 0 1
17500 183 -957 -230 0 0 0 0 0 0 1
17516 171 -976 -281 0 0 0 0 0 0 1
17531 171 -976 -261 0 0 0 0 0 0 1
17547 187 -960 -257 0 0 0 0 0 0 1
17562 187 -976 -273 0 0 0 0 0 0 1
17578 171 -976 -250 0 0 0 0 0 0 1
17594 175 -980 -269 0 0 0 0 0 0 1
17609 207 -972 -226 0 0 0 0 0 0 1
17625 175 -972 -246 0 0 0 0 0 0 1
17641 187 -972 -265 0 0 0 0 0 0 1
17656 203 -976 -257 0 0 0 0 0 0 1
17672 175 -960 -246 0 0 0 0 0 0 1
17688 164 -972 -281 0 0 0 0 0 0 1
17703 179 -976 -281 0 0 0 0 0 0 1
17719 179 -960 -277 0 0 0 0 0 0 1
17734 175 -984 -207 0 0 0 0 0 0 1
17750 191 -972 -238 0 0 0 0 0 0 1
17766 179 -976 -226 0 0 0 0 0 0 1
17781 179 -980 -277 0 0 0 0 0 0 1
17797 183 -972 -250 0 0 0 0 0 0 1
17812 171 -972 -261 0 0 0 0 0 0 1
17828 179 -972 -234 0 0 0 0 0 0 1
17844 179 -984 -265 0 0 0 0 0 0 1
17859 152 -976 -273 0 0 0 0 0 0 1
17875 171 -988 -261 0 0 0 0 0 0 1
17891 187 -968 -257 0 0 0 0 0 0 1
17906 175 -976 -222 0 0 0 0 0 0 1
17922 199 -964 -273 0 0 0 0 0 0 1
17938 195 -972 -261 0 0 0 0 0 0 1
17953 171 -980 -234 0 0 0 0 0 0 1
17969 179 -976 -250 0 0 0 0 0 0 1
17984 175 -976 -277 0 0 0 0 0 0 1
18000 179 -988 -285 0 0 0 0 0 0 1
18016 171 -980 -273 0 0 0 0 0 0 1
18031 183 -960 -246 0 0 0 0 0 0 1
18047 167 -964 -265 0 0 0 0 0 0 1
18062 167 -968 -250 0 0 0 0 0 0 1
18078 175 -976 -269 0 0 0 0 0 0 1
18094 179 -988 -195 0 0 0 0 0 0 1
18109 179 -968 -246 0 0 0 0 0 0 1
18125 175 -984 -234 0 0 0 0 0 0 1
18141 167 -957 -292 0 0 0 0 0 0 1
18156 171 -968 -253 0 0 0 0 0 0 1
18172 171 -968 -253 0 0 0 0 0 0 1
18188 187 -960 -269 0 0 0 0 0 0 1
18203 191 -968 -250 0 0 0 0 0 0 1
18219 187 -980 -250 0 0 0 0 0 0 1
18234 187 -972 -261 0 0 0 0 0 0 1
18250 191 -964 -296 0 0 0 0 0 0 1
18266 160 -964 -273 0 0 0 0 0 0 1
18281 156 -964 -304 0 0 0 0 0 0 1
18297 179 -976 -250 0 0 0 0 0 0 1
18312 179 -976 -285 0 0 0 0 0 0 1
18328 179 -960 -289 0 0 0 0 0 0 1
18344 179 -968 -273 0 0 0 0 0 0 1
18359 183 -964 -230 0 0 0 0 0 0 1
18375 179 -972 -234 0 0 0 0 0 0 1
18391 167 -972 -226 0 0 0 0 0 0 1
18406 152 -957 -304 0 0 0 0 0 0 1
18422 183 -968 -238 0 0 0 0 0 0 1
18438 167 -984 -214 0 0 0 0 0 0 1
18453 175 -980 -222 0 0 0 0 0 0 1
18469 171 -984 -273 0 0 0 0 0 0 1
18484 179 -968 -257 0 0 0 0 0 0 1
18500 179 -984 -265 0 0 0 0 0 0 1
18516 175 -984 -277 0 0 0 0 0 0 1
18531 183 -964 -218 0 0 0 0 0 0 1
18547 164 -960 -281 0 0 0 0 0 0 1
18562 164 -968 -281 0 0 0 0 0 0 1
18578 183 -968 -242 0 0 0 0 0 0 1
18594 171 -980 -234 0 0 0 0 0 0 1
18609 183 -968 -230 0 0 0 0 0 0 1
18625 183 -968 -246 0 0 0 0 0 0 1
18641 171 -968 -253 0 0 0 0 0 0 1
18656 187 -964 -257 0 0 0 0 0 0 1
18672 195 -960 -273 0 0 0 0 0 0 1
18688 191 -976 -222 0 0 0 0 0 0 1
18703 183 -980 -179 0 0 0 0 0 0 1
18719 167 -968 -250 0 0 0 0 0 0 1
18734 167 -992 -281 0 0 0 0 0 0 1
18750 148 -968 -277 0 0 0 0 0 0 1
18766 183 -964 -277 0 0 0 0 0 0 1
18781 171 -972 -277 0 0 0 0 0 0 1
18797 183 -976 -203 0 0 0 0 0 0 1
18812 171 -964 -226 0 0 0 0 0 0 1
18828 183 -968 -265 0 0 0 0 0 0 1
18844 187 -964 -257 0 0 0 0 0 0 1
18859 183 -972 -218 0 0 0 0 0 0 1
18875 175 -964 -265 0 0 0 0 0 0 1
18891 195 -960 -292 0 0 0 0 0 0 1
18906 187 -964 -269 0 0 0 0 0 0 1
18922 179 -972 -238 0 0 0 0 0 0 1
18938 187 -972 -304 0 0 0 0 0 0 1
18953 191 -960 -277 0 0 0 0 0 0 1
18969 195 -968 -289 0 0 0 0 0 0 1
18984 187 -976 -343 0 0 0 0 0 0 1
19000 191 -960 -242 0 0 0 0 0 0 1
19016 199 -980 -273 0 0 0 0 0 0 1
19031 195 -980 -277 0 0 0 0 0 0 1
19047 191 -968 -308 0 0 0 0 0 0 1
19062 187 -980 -285 0 0 0 0 0 0 1
19078 164 -960 -289 0 0 0 0 0 0 1
19094 191 -960 -265 0 0 0 0 0 0 1
19109 187 -960 -265 0 0 0 0 0 0 1
19125 191 -972 -292 0 0 0 0 0 0 1
19141 183 -972 -253 0 0 0 0 0 0 1
19156 187 -957 -277 0 0 0 0 0 0 1
19172 187 -976 -285 0 0 0 0 0 0 1
19188 187 -968 -195 0 0 0 0 0 0 1
19203 199 -964 -285 0 0 0 0 0 0 1
19219 175 -980 -250 0 0 0 0 0 0 1
19234 187 -976 -230 0 0 0 0 0 0 1
19250 199 -968 -226 0 0 0 0 0 0 1
19266 183 -976 -261 0 0 0 0 0 0 1
19281 191 -957 -273 0 0 0 0 0 0 1
19297 179 -972 -218 0 0 0 0 0 0 1
19312 179 -968 -257 0 0 0 0 0 0 1
19328 183 -976 -226 0 0 0 0 0 0 1
19344 191 -976 -214 0 0 0 0 0 0 1
19359 183 -968 -218 0 0 0 0 0 0 1
19375 191 -960 -296 0 0 0 0 0 0 1
19391 179 -945 -230 0 0 0 0 0 0 1
19406 156 -949 -312 0 0 0 0 0 0 1
19422 187 -976 -222 0 0 0 0 0 0 1
19438 210 -964 -296 0 0 0 0 0 0 1
19453 183 -960 -285 0 0 0 0 0 0 1
19469 171 -972 -296 0 0 0 0 0 0 1
19484 183 -964 -332 0 0 0 0 0 0 1
19500 175 -960 -273 0 0 0 0 0 0 1
19516 171 -972 -300 0 0 0 0 0 0 1
19531 187 -957 -328 0 0 0 0 0 0 1
19547 203 -960 -257 0 0 0 0 0 0 1
19562 175 -976 -265 0 0 0 0 0 0 1
19578 171 -976 -292 0 0 0 0 0 0 1
19594 179 -968 -242 0 0 0 0 0 0 1
19609 187 -957 -250 0 0 0 0 0 0 1
19625 183 -960 -238 0 0 0 0 0 0 1
19641 171 -968 -277 0 0 0 0 0 0 1
19656 167 -972 -234 0 0 0 0 0 0 1
19672 187 -972 -210 0 0 0 0 0 0 1
19688 187 -968 -250 0 0 0 0 0 0 1
19703 195 -972 -273 0 0 0 0 0 0 1
19719 164 -972 -261 0 0 0 0 0 0 1
19734 160 -960 -285 0 0 0 0 0 0 1
19750 175 -960 -230 0 0 0 0 0 0 1
19766 171 -980 -281 0 0 0 0 0 0 1
19781 199 -972 -285 0 0 0 0 0 0 1
19797 187 -976 -285 0 0 0 0 0 0 1
19812 175 -972 -253 0 0 0 0 0 0 1
19828 171 -949 -250 0 0 0 0 0 0 1
19844 167 -964 -304 0 0 0 0 0 0 1
19859 179 -972 -269 0 0 0 0 0 0 1
19875 171 -972 -292 0 0 0 0 0 0 1
19891 191 -976 -207 0 0 0 0 0 0 1
19906 171 -972 -253 0 0 0 0 0 0 1
19922 183 -980 -250 0 0 0 0 0 0 1
19938 183 -984 -281 0 0 0 0 0 0 1
19953 167 -984 -289 0 0 0 0 0 0 1
19969 203 -964 -207 0 0 0 0 0 0 1
19984 218 -964 -316 0 0 0 0 0 0 1
20000 183 -988 -304 0 0 0 0 0 0 1
20016 195 -980 -285 0 0 0 0 0 0 1
20031 199 -968 -285 0 0 0 0 0 0 1
20047 191 -968 -281 0 0 0 0 0 0 1
20062 175 -988 -269 0 0 0 0 0 0 1
20078 160 -960 -308 0 0 0 0 0 0 1
20094 160 -964 -265 0 0 0 0 0 0 1
20109 167 -980 -230 0 0 0 0 0 0 1
20125 167 -964 -269 0 0 0 0 0 0 1
20141 144 -957 -273 0 0 0 0 0 0 1
20156 164 -964 -285 0 0 0 0 0 0 1
20172 144 -968 -230 0 0 0 0 0 0 1
20188 156 -960 -246 0 0 0 0 0 0 1
20203 128 -972 -203 0 0 0 0 0 0 1
20219 132 -957 -300 0 0 0 0 0 0 1
20234 152 -968 -246 0 0 0 0 0 0 1
20250 164 -960 -277 0 0 0 0 0 0 1
20266 152 -953 -277 0 0 0 0 0 0 1
20281 160 -972 -269 0 0 0 0 0 0 1
20297 164 -976 -261 0 0 0 0 0 0 1
20312 156 -957 -273 0 0 0 0 0 0 1
20328 164 -964 -234 0 0 0 0 0 0 1
20344 175 -992 -218 0 0 0 0 0 0 1
20359 156 -972 -273 0 0 0 0 0 0 1
20375 156 -968 -269 0 0 0 0 0 0 1
20391 164 -976 -273 0 0 0 0 0 0 1
20406 156 -964 -218 0 0 0 0 0 0 1
20422 164 -976 -257 0 0 0 0 0 0 1
20438 171 -980 -234 0 0 0 0 0 0 1
20453 167 -957 -289 0 0 0 0 0 0 1
20469 160 -976 -230 0 0 0 0 0 0 1
20484 160 -980 -230 0 0 0 0 0 0 1
20500 132 -972 -253 0 0 0 0 0 0 1
20516 171 -980 -261 0 0 0 0 0 0 1
20531 164 -964 -285 0 0 0 0 0 0 1
20547 164 -960 -238 0 0 0 0 0 0 1
20562 183 -976 -261 0 0 0 0 0 0 1
20578 164 -972 -261 0 0 0 0 0 0 1
20594 171 -968 -257 0 0 0 0 0 0 1
20609 164 -968 -253 0 0 0 0 0 0 1
20625 148 -972 -253 0 0 0 0 0 0 1
20641 144 -984 -273 0 0 0 0 0 0 1
20656 152 -976 -257 0 0 0 0 0 0 1
20672 156 -988 -296 0 0 0 0 0 0 1
20688 164 -980 -320 0 0 0 0 0 0 1
20703 164 -972 -253 0 0 0 0 0 0 1
20719 167 -972 -238 0 0 0 0 0 0 1
20734 164 -957 -292 0 0 0 0 0 0 1
20750 171 -960 -261 0 0 0 0 0 0 1
20766 156 -972 -265 0 0 0 0 0 0 1
20781 171 -984 -320 0 0 0 0 0 0 1
20797 175 -976 -320 0 0 0 0 0 0 1
20812 167 -980 -273 0 0 0 0 0 0 1
20828 175 -968 -234 0 0 0 0 0 0 1
20844 203 -980 -246 0 0 0 0 0 0 1
20859 167 -992 -300 0 0 0 0 0 0 1
20875 175 -980 -253 0 0 0 0 0 0 1
20891 160 -972 -285 0 0 0 0 0 0 1
20906 195 -972 -273 0 0 0 0 0 0 1
20922 156 -968 -265 0 0 0 0 0 0 1
20938 171 -960 -230 0 0 0 0 0 0 1
20953 167 -972 -292 0 0 0 0 0 0 1
20969 136 -960 -265 0 0 0 0 0 0 1
20984 160 -964 -292 0 0 0 0 0 0 1
21000 132 -960 -234 0 0 0 0 0 0 1
21016 125 -972 -250 0 0 0 0 0 0 1
21031 148 -960 -289 0 0 0 0 0 0 1
21047 148 -964 -308 0 0 0 0 0 0 1
21062 136 -968 -296 0 0 0 0 0 0 1
21078 140 -960 -300 0 0 0 0 0 0 1
21094 156 -945 -261 0 0 0 0 0 0 1
21109 179 -968 -269 0 0 0 0 0 0 1
21125 175 -980 -277 0 0 0 0 0 0 1
21141 167 -984 -320 0 0 0 0 0 0 1
21156 167 -976 -300 0 0 0 0 0 0 1
21172 152 -976 -203 0 0 0 0 0 0 1
21188 152 -980 -281 0 0 0 0 0 0 1
21203 171 -968 -320 0 0 0 0 0 0 1
21219 160 -980 -269 0 0 0 0 0 0 1
21234 160 -968 -273 0 0 0 0 0 0 1
21250 152 -976 -312 0 0 0 0 0 0 1
21266 167 -976 -265 0 0 0 0 0 0 1
21281 167 -964 -257 0 0 0 0 0 0 1
21297 152 -984 -296 0 0 0 0 0 0 1
21312 152 -980 -312 0 0 0 0 0 0 1
21328 167 -976 -234 0 0 0 0 0 0 1
21344 148 -964 -285 0 0 0 0 0 0 1
21359 167 -964 -285 0 0 0 0 0 0 1
21375 164 -980 -246 0 0 0 0 0 0 1
21391 156 -980 -312 0 0 0 0 0 0 1
21406 160 -968 -203 0 0 0 0 0 0 1
21422 164 -984 -339 0 0 0 0 0 0 1
21438 152 -972 -285 0 0 0 0 0 0 1
21453 164 -972 -289 0 0 0 0 0 0 1
21469 144 -976 -238 0 0 0 0 0 0 1
21484 140 -980 -265 0 0 0 0 0 0 1
21500 128 -976 -292 0 0 0 0 0 0 1
21516 144 -976 -238 0 0 0 0 0 0 1
21531 136 -972 -292 0 0 0 0 0 0 1
21547 144 -976 -324 0 0 0 0 0 0 1
21562 125 -968 -269 0 0 0 0 0 0 1
21578 117 -957 -359 0 0 0 0 0 0 1
21594 128 -968 -292 0 0 0 0 0 0 1
21609 117 -960 -320 0 0 0 0 0 0 1
21625 105 -964 -257 0 0 0 0 0 0 1
21641 125 -949 -269 0 0 0 0 0 0 1
21656 128 -964 -234 0 0 0 0 0 0 1
21672 144 -964 -300 0 0 0 0 0 0 1
21688 140 -976 -308 0 0 0 0 0 0 1
21703 132 -984 -257 0 0 0 0 0 0 1
21719 136 -976 -371 0 0 0 0 0 0 1
21734 148 -984 -328 0 0 0 0 0 0 1
21750 152 -968 -312 0 0 0 0 0 0 1
21766 140 -968 -261 0 0 0 0 0 0 1
21781 148 -953 -214 0 0 0 0 0 0 1
21797 160 -957 -261 0 0 0 0 0 0 1
21812 160 -972 -308 0 0 0 0 0 0 1
21828 128 -980 -324 0 0 0 0 0 0 1
21844 132 -972 -312 0 0 0 0 0 0 1
21859 132 -988 -253 0 0 0 0 0 0 1
21875 136 -968 -304 0 0 0 0 0 0 1
21891 144 -953 -265 0 0 0 0 0 0 1
21906 136 -964 -257 0 0 0 0 0 0 1
21922 164 -960 -312 0 0 0 0 0 0 1
21938 156 -968 -296 0 0 0 0 0 0 1
21953 140 -972 -304 0 0 0 0 0 0 1
21969 128 -964 -320 0 0 0 0 0 0 1
21984 156 -968 -300 0 0 0 0 0 0 1
22000 148 -988 -257 0 0 0 0 0 0 1
22016 140 -984 -281 0 0 0 0 0 0 1
22031 167 -984 -273 0 0 0 0 0 0 1
22047 226 -980 -273 0 0 0 0 0 0 1
22062 187 -1003 -324 0 0 0 0 0 0 1
22078 175 -1007 -351 0 0 0 0 0 0 1
22094 164 -1007 -316 0 0 0 0 0 0 1
22109 179 -980 -359 0 0 0 0 0 0 1
22125 171 -1003 -371 0 0 0 0 0 0 1
22141 195 -964 -386 0 0 0 0 0 0 1
22156 160 -976 -359 0 0 0 0 0 0 1
22172 93 -976 -332 0 0 0 0 0 0 1
22188 105 -953 -214 0 0 0 0 0 0 1
22203 117 -941 -222 0 0 0 0 0 0 1
22219 152 -914 -183 0 0 0 0 0 0 1
22234 238 -945 -222 0 0 0 0 0 0 1
22250 339 -1003 -234 0 0 0 0 0 0 1
22266 277 -1070 -210 0 0 0 0 0 0 1
22281 167 -1156 -191 0 0 0 0 0 0 1
22297 175 -1156 -265 0 0 0 0 0 0 1
22312 175 -1078 -285 0 0 0 0 0 0 1
22328 175 -1062 -226 0 0 0 0 0 0 1
22344 82 -1000 -238 0 0 0 0 0 0 1
22359 58 -976 -261 0 0 0 0 0 0 1
22375 89 -941 -242 0 0 0 0 0 0 1
22391 93 -855 -250 0 0 0 0 0 0 1
22406 89 -781 -347 0 0 0 0 0 0 1
22422 89 -773 -328 0 0 0 0 0 0 1
22438 125 -863 -277 0 0 0 0 0 0 1
22453 82 -949 -250 0 0 0 0 0 0 1
22469 175 -1011 -277 0 0 0 0 0 0 1
22484 191 -1148 -304 0 0 0 0 0 0 1
22500 164 -1160 -273 0 0 0 0 0 0 1
22516 113 -1144 -296 0 0 0 0 0 0 1
22531 39 -1105 -203 0 0 0 0 0 0 1
22547 19 -1003 -203 0 0 0 0 0 0 1
22562 -74 -835 -195 0 0 0 0 0 0 1
22578 19 -660 -343 0 0 0 0 0 0 1
22594 -58 -636 -355 0 0 0 0 0 0 1
22609 74 -617 -300 0 0 0 0 0 0 1
22625 -74 -769 -187 0 0 0 0 0 0 1
22641 -191 -996 -175 0 0 0 0 0 0 1
22656 117 -960 -195 0 0 0 0 0 0 1
22672 167 -1093 -175 0 0 0 0 0 0 1
22688 449 -1105 -105 0 0 0 0 0 0 1
22703 593 -1164 -97 0 0 0 0 0 0 1
22719 347 -1253 -183 0 0 0 0 0 0 1
22734 289 -1023 -269 0 0 0 0 0 0 1
22750 -132 -816 -250 0 0 0 0 0 0 1
22766 -265 -757 -257 0 0 0 0 0 0 1
22781 -250 -660 -167 0 0 0 0 0 0 1
22797 -203 -585 -105 0 0 0 0 0 0 1
22812 3 -703 101 0 0 0 0 0 0 1
22828 -421 -1320 11 0 0 0 0 0 0 1
22844 -488 -1144 -58 0 0 0 0 0 0 1
22859 496 -921 -85 0 0 0 0 0 0 1
22875 699 -1011 -156 0 0 0 0 0 0 1
22891 949 -1218 -320 0 0 0 0 0 0 1
22906 855 -1433 -371 0 0 0 0 0 0 1
22922 238 -1242 -593 0 0 0 0 0 0 1
22938 -11 -863 -566 0 0 0 0 0 0 1
22953 -93 -781 -464 0 0 0 0 0 0 1
22969 -187 -785 -285 0 0 0 0 0 0 1
22984 -195 -679 -136 0 0 0 0 0 0 1
23000 -292 -972 -31 0 0 0 0 0 0 1
23016 -203 -1039 31 0 0 0 0 0 0 1
23031 -19 -882 93 0 0 0 0 0 0 1
23047 367 -988 70 0 0 0 0 0 0 1
23062 671 -1238 -117 0 0 0 0 0 0 1
23078 609 -1265 -250 0 0 0 0 0 0 1
23094 417 -1277 -281 0 0 0 0 0 0 1
23109 394 -1199 -468 0 0 0 0 0 0 1
23125 324 -847 -531 0 0 0 0 0 0 1
23141 191 -722 -429 0 0 0 0 0 0 1
23156 -378 -839 -460 0 0 0 0 0 0 1
23172 -468 -761 -246 0 0 0 0 0 0 1
23188 -460 -628 -31 0 0 0 0 0 0 1
23203 -464 -757 132 0 0 0 0 0 0 1
23219 -300 -1105 58 0 0 0 0 0 0 1
23234 468 -878 66 0 0 0 0 0 0 1
23250 648 -1101 23 0 0 0 0 0 0 1
23266 714 -1292 -187 0 0 0 0 0 0 1
23281 632 -1339 -289 0 0 0 0 0 0 1
23297 511 -1308 -367 0 0 0 0 0 0 1
23312 382 -1300 -460 0 0 0 0 0 0 1
23328 429 -1136 -578 0 0 0 0 0 0 1
23344 261 -828 -546 0 0 0 0 0 0 1
23359 -156 -675 -460 0 0 0 0 0 0 1
23375 -351 -820 -390 0 0 0 0 0 0 1
23391 -386 -781 -183 0 0 0 0 0 0 1
23406 -410 -695 23 0 0 0 0 0 0 1
23422 -347 -738 152 0 0 0 0 0 0 1
23438 -238 -906 195 0 0 0 0 0 0 1
23453 -82 -867 156 0 0 0 0 0 0 1
23469 625 -1062 78 0 0 0 0 0 0 1
23484 617 -1222 -167 0 0 0 0 0 0 1
23500 628 -1242 -312 0 0 0 0 0 0 1
23516 382 -1253 -425 0 0 0 0 0 0 1
23531 265 -1191 -515 0 0 0 0 0 0 1
23547 289 -1132 -414 0 0 0 0 0 0 1
23562 292 -1082 -421 0 0 0 0 0 0 1
23578 195 -933 -304 0 0 0 0 0 0 1
23594 0 -773 -285 0 0 0 0 0 0 1
23609 -226 -738 -160 0 0 0 0 0 0 1
23625 -253 -714 -117 0 0 0 0 0 0 1
23641 -238 -843 3 0 0 0 0 0 0 1
23656 -332 -925 3 0 0 0 0 0 0 1
23672 82 -847 19 0 0 0 0 0 0 1
23688 300 -921 74 0 0 0 0 0 0 1
23703 464 -1093 11 0 0 0 0 0 0 1
23719 496 -1218 -54 0 0 0 0 0 0 1
23734 558 -1261 -210 0 0 0 0 0 0 1
23750 398 -1222 -437 0 0 0 0 0 0 1
23766 218 -1003 -531 0 0 0 0 0 0 1
23781 -46 -828 -515 0 0 0 0 0 0 1
23797 -394 -914 -445 0 0 0 0 0 0 1
23812 -386 -851 -343 0 0 0 0 0 0 1
23828 -378 -765 -230 0 0 0 0 0 0 1
23844 -324 -660 35 0 0 0 0 0 0 1
23859 -281 -949 121 0 0 0 0 0 0 1
23875 175 -902 210 0 0 0 0 0 0 1
23891 593 -984 214 0 0 0 0 0 0 1
23906 636 -1074 109 0 0 0 0 0 0 1
23922 371 -1144 -7 0 0 0 0 0 0 1
23938 218 -1140 -210 0 0 0 0 0 0 1
23953 97 -1093 -238 0 0 0 0 0 0 1
23969 27 -992 -378 0 0 0 0 0 0 1
23984 -187 -914 -347 0 0 0 0 0 0 1
24000 -132 -878 -339 0 0 0 0 0 0 1
24016 -35 -832 -265 0 0 0 0 0 0 1
24031 -31 -738 -257 0 0 0 0 0 0 1
24047 -39 -703 -242 0 0 0 0 0 0 1
24062 11 -800 -277 0 0 0 0 0 0 1
24078 207 -1011 -308 0 0 0 0 0 0 1
24094 257 -1113 -148 0 0 0 0 0 0 1
24109 496 -1175 -175 0 0 0 0 0 0 1
24125 457 -1210 -105 0 0 0 0 0 0 1
24141 402 -1250 -234 0 0 0 0 0 0 1
24156 359 -1195 -367 0 0 0 0 0 0 1
24172 277 -1167 -378 0 0 0 0 0 0 1
24188 371 -1144 -304 0 0 0 0 0 0 1
24203 347 -1117 -253 0 0 0 0 0 0 1
24219 339 -1101 -253 0 0 0 0 0 0 1
24234 351 -1074 -238 0 0 0 0 0 0 1
24250 277 -1015 -203 0 0 0 0 0 0 1
24266 125 -898 -257 0 0 0 0 0 0 1
24281 -70 -761 -175 0 0 0 0 0 0 1
24297 -167 -734 -160 0 0 0 0 0 0 1
24312 -187 -753 -89 0 0 0 0 0 0 1
24328 -367 -792 78 0 0 0 0 0 0 1
24344 -117 -820 140 0 0 0 0 0 0 1
24359 42 -863 132 0 0 0 0 0 0 1
24375 304 -1031 3 0 0 0 0 0 0 1
24391 316 -1113 -132 0 0 0 0 0 0 1
24406 359 -1167 -281 0 0 0 0 0 0 1
24422 371 -1230 -429 0 0 0 0 0 0 1
24438 335 -1214 -492 0 0 0 0 0 0 1
24453 343 -1242 -433 0 0 0 0 0 0 1
24469 453 -1175 -347 0 0 0 0 0 0 1
24484 460 -1171 -328 0 0 0 0 0 0 1
24500 347 -1078 -261 0 0 0 0 0 0 1
24516 160 -886 -281 0 0 0 0 0 0 1
24531 -113 -722 -195 0 0 0 0 0 0 1
24547 -250 -695 -160 0 0 0 0 0 0 1
24562 -281 -742 -152 0 0 0 0 0 0 1
24578 -464 -718 -35 0 0 0 0 0 0 1
24594 -437 -640 136 0 0 0 0 0 0 1
24609 -328 -867 148 0 0 0 0 0 0 1
24625 164 -960 58 0 0 0 0 0 0 1
24641 406 -1007 -58 0 0 0 0 0 0 1
24656 515 -1144 -132 0 0 0 0 0 0 1
24672 550 -1257 -304 0 0 0 0 0 0 1
24688 289 -1269 -425 0 0 0 0 0 0 1
24703 179 -1238 -472 0 0 0 0 0 0 1
24719 281 -1179 -496 0 0 0 0 0 0 1
24734 292 -1125 -347 0 0 0 0 0 0 1
24750 292 -1105 -257 0 0 0 0 0 0 1
24766 152 -945 -203 0 0 0 0 0 0 1
24781 121 -730 -148 0 0 0 0 0 0 1
24797 -66 -652 -109 0 0 0 0 0 0 1
24812 -195 -812 -78 0 0 0 0 0 0 1
24828 -250 -781 11 0 0 0 0 0 0 1
24844 -343 -718 101 0 0 0 0 0 0 1
24859 -269 -863 -39 0 0 0 0 0 0 1
24875 304 -816 -82 0 0 0 0 0 0 1
24891 429 -953 -234 0 0 0 0 0 0 1
24906 406 -1175 -320 0 0 0 0 0 0 1
24922 371 -1328 -425 0 0 0 0 0 0 1
24938 410 -1316 -523 0 0 0 0 0 0 1
24953 343 -1285 -445 0 0 0 0 0 0 1
24969 320 -1238 -363 0 0 0 0 0 0 1
24984 394 -1160 -265 0 0 0 0 0 0 1
25000 285 -1054 -171 0 0 0 0 0 0 1
25016 250 -929 -203 0 0 0 0 0 0 1
25031 125 -683 -113 0 0 0 0 0 0 1
25047 -265 -609 -3 0 0 0 0 0 0 1
25062 -351 -718 -93 0 0 0 0 0 0 1
25078 -367 -644 -42 0 0 0 0 0 0 1
25094 -503 -562 35 0 0 0 0 0 0 1
25109 -421 -671 191 0 0 0 0 0 0 1
25125 -39 -992 19 0 0 0 0 0 0 1
25141 585 -988 35 0 0 0 0 0 0 1
25156 750 -1078 -42 0 0 0 0 0 0 1
25172 664 -1308 -265 0 0 0 0 0 0 1
25188 402 -1417 -441 0 0 0 0 0 0 1
25203 375 -1351 -542 0 0 0 0 0 0 1
25219 421 -1300 -597 0 0 0 0 0 0 1
25234 363 -1269 -488 0 0 0 0 0 0 1
25250 378 -1167 -355 0 0 0 0 0 0 1
25266 343 -1074 -234 0 0 0 0 0 0 1
25281 117 -925 -218 0 0 0 0 0 0 1
25297 15 -773 -167 0 0 0 0 0 0 1
25312 -175 -593 -121 0 0 0 0 0 0 1
25328 -285 -656 -121 0 0 0 0 0 0 1
25344 -453 -777 -39 0 0 0 0 0 0 1
25359 -621 -617 128 0 0 0 0 0 0 1
25375 -628 -648 207 0 0 0 0 0 0 1
25391 15 -832 7 0 0 0 0 0 0 1
25406 343 -906 27 0 0 0 0 0 0 1
25422 441 -1046 -70 0 0 0 0 0 0 1
25438 460 -1179 -218 0 0 0 0 0 0 1
25453 464 -1332 -363 0 0 0 0 0 0 1
25469 398 -1308 -535 0 0 0 0 0 0 1
25484 394 -1281 -539 0 0 0 0 0 0 1
25500 320 -1285 -527 0 0 0 0 0 0 1
25516 339 -1183 -375 0 0 0 0 0 0 1
25531 312 -1121 -257 0 0 0 0 0 0 1
25547 246 -1019 -226 0 0 0 0 0 0 1
25562 136 -972 -128 0 0 0 0 0 0 1
25578 19 -878 -93 0 0 0 0 0 0 1
25594 -42 -847 -42 0 0 0 0 0 0 1
25609 -121 -832 -58 0 0 0 0 0 0 1
25625 -218 -808 3 0 0 0 0 0 0 1
25641 -308 -765 -7 0 0 0 0 0 0 1
25656 -257 -726 -31 0 0 0 0 0 0 1
25672 -203 -691 -70 0 0 0 0 0 0 1
25688 -156 -656 -39 0 0 0 0 0 0 1
25703 31 -585 -121 0 0 0 0 0 0 1
25719 3 -949 -335 0 0 0 0 0 0 1
25734 -3 -1105 -460 0 0 0 0 0 0 1
25750 296 -1164 -593 0 0 0 0 0 0 1
25766 316 -1226 -585 0 0 0 0 0 0 1
25781 238 -1300 -476 0 0 0 0 0 0 1
25797 222 -1320 -433 0 0 0 0 0 0 1
25812 332 -1261 -433 0 0 0 0 0 0 1
25828 464 -1187 -292 0 0 0 0 0 0 1
25844 371 -1101 -210 0 0 0 0 0 0 1
25859 199 -953 -148 0 0 0 0 0 0 1
25875 23 -820 -78 0 0 0 0 0 0 1
25891 -19 -789 -121 0 0 0 0 0 0 1
25906 -292 -843 -105 0 0 0 0 0 0 1
25922 -441 -718 31 0 0 0 0 0 0 1
25938 -441 -632 93 0 0 0 0 0 0 1
25953 -359 -750 109 0 0 0 0 0 0 1
25969 222 -882 -11 0 0 0 0 0 0 1
25984 292 -1078 -132 0 0 0 0 0 0 1
26000 253 -1167 -257 0 0 0 0 0 0 1
26016 363 -1203 -375 0 0 0 0 0 0 1
26031 417 -1250 -414 0 0 0 0 0 0 1
26047 304 -1269 -484 0 0 0 0 0 0 1
26062 371 -1234 -363 0 0 0 0 0 0 1
26078 394 -1191 -265 0 0 0 0 0 0 1
26094 382 -1148 -234 0 0 0 0 0 0 1
26109 269 -1058 -203 0 0 0 0 0 0 1
26125 74 -871 -218 0 0 0 0 0 0 1
26141 15 -738 -222 0 0 0 0 0 0 1
26156 -261 -765 -164 0 0 0 0 0 0 1
26172 -238 -824 -175 0 0 0 0 0 0 1
26188 -250 -722 -167 0 0 0 0 0 0 1
26203 -429 -644 -54 0 0 0 0 0 0 1
26219 -300 -699 42 0 0 0 0 0 0 1
26234 -97 -859 -27 0 0 0 0 0 0 1
26250 246 -910 -132 0 0 0 0 0 0 1
26266 269 -1019 -152 0 0 0 0 0 0 1
26281 312 -1125 -281 0 0 0 0 0 0 1
26297 320 -1179 -425 0 0 0 0 0 0 1
26312 246 -1140 -519 0 0 0 0 0 0 1
26328 191 -1144 -484 0 0 0 0 0 0 1
26344 230 -1156 -386 0 0 0 0 0 0 1
26359 273 -1101 -257 0 0 0 0 0 0 1
26375 312 -1062 -250 0 0 0 0 0 0 1
26391 316 -1000 -148 0 0 0 0 0 0 1
26406 234 -992 -93 0 0 0 0 0 0 1
26422 175 -972 -109 0 0 0 0 0 0 1
26438 164 -941 -109 0 0 0 0 0 0 1
26453 15 -933 -11 0 0 0 0 0 0 1
26469 7 -894 -3 0 0 0 0 0 0 1
26484 3 -894 11 0 0 0 0 0 0 1
26500 105 -890 -7 0 0 0 0 0 0 1
26516 238 -925 27 0 0 0 0 0 0 1
26531 269 -972 50 0 0 0 0 0 0 1
26547 355 -1019 -74 0 0 0 0 0 0 1
26562 445 -1093 -269 0 0 0 0 0 0 1
26578 347 -1011 -417 0 0 0 0 0 0 1
26594 300 -992 -417 0 0 0 0 0 0 1
26609 250 -1015 -429 0 0 0 0 0 0 1
26625 136 -972 -468 0 0 0 0 0 0 1
26641 128 -960 -406 0 0 0 0 0 0 1
26656 140 -960 -378 0 0 0 0 0 0 1
26672 148 -953 -246 0 0 0 0 0 0 1
26688 183 -929 -179 0 0 0 0 0 0 1
26703 156 -949 -89 0 0 0 0 0 0 1
26719 140 -937 -3 0 0 0 0 0 0 1
26734 160 -906 -7 0 0 0 0 0 0 1
26750 250 -914 -15 0 0 0 0 0 0 1
26766 277 -878 -31 0 0 0 0 0 0 1
26781 277 -859 -46 0 0 0 0 0 0 1
26797 269 -910 -78 0 0 0 0 0 0 1
26812 246 -953 -187 0 0 0 0 0 0 1
26828 277 -968 -109 0 0 0 0 0 0 1
26844 273 -980 -97 0 0 0 0 0 0 1
26859 351 -976 -128 0 0 0 0 0 0 1
26875 343 -992 -97 0 0 0 0 0 0 1
26891 355 -953 -109 0 0 0 0 0 0 1
26906 359 -1000 -132 0 0 0 0 0 0 1
26922 324 -972 -156 0 0 0 0 0 0 1
26938 363 -957 -132 0 0 0 0 0 0 1
26953 339 -937 -105 0 0 0 0 0 0 1
26969 363 -929 -31 0 0 0 0 0 0 1
26984 406 -917 -19 0 0 0 0 0 0 1
27000 558 -910 -3 0 0 0 0 0 0 1
27016 593 -902 -27 0 0 0 0 0 0 1
27031 519 -906 -62 0 0 0 0 0 0 1
27047 417 -937 -105 0 0 0 0 0 0 1
27062 378 -906 -136 0 0 0 0 0 0 1
27078 394 -925 -187 0 0 0 0 0 0 1
27094 472 -875 -179 0 0 0 0 0 0 1
27109 558 -890 -132 0 0 0 0 0 0 1
27125 562 -968 -42 0 0 0 0 0 0 1
27141 515 -992 -85 0 0 0 0 0 0 1
27156 324 -984 -78 0 0 0 0 0 0 1
27172 304 -933 -46 0 0 0 0 0 0 1
27188 355 -882 -109 0 0 0 0 0 0 1
27203 363 -878 -97 0 0 0 0 0 0 1
27219 242 -933 -66 0 0 0 0 0 0 1
27234 277 -929 -7 0 0 0 0 0 0 1
27250 273 -843 -152 0 0 0 0 0 0 1
27266 234 -722 -54 0 0 0 0 0 0 1
27281 312 -738 160 0 0 0 0 0 0 1
27297 226 -957 62 0 0 0 0 0 0 1
27312 378 -976 15 0 0 0 0 0 0 1
27328 621 -882 -113 0 0 0 0 0 0 1
27344 703 -980 -117 0 0 0 0 0 0 1
27359 742 -1042 -175 0 0 0 0 0 0 1
27375 523 -1062 -230 0 0 0 0 0 0 1
27391 464 -1000 -308 0 0 0 0 0 0 1
27406 460 -910 -320 0 0 0 0 0 0 1
27422 550 -898 -140 0 0 0 0 0 0 1
27438 453 -882 -82 0 0 0 0 0 0 1
27453 378 -832 -15 0 0 0 0 0 0 1
27469 97 -867 31 0 0 0 0 0 0 1
27484 -19 -925 58 0 0 0 0 0 0 1
27500 -66 -933 78 0 0 0 0 0 0 1
27516 492 -917 58 0 0 0 0 0 0 1
27531 613 -980 -46 0 0 0 0 0 0 1
27547 613 -988 -148 0 0 0 0 0 0 1
27562 625 -945 -332 0 0 0 0 0 0 1
27578 449 -843 -414 0 0 0 0 0 0 1
27594 70 -882 -308 0 0 0 0 0 0 1
27609 -35 -902 -113 0 0 0 0 0 0 1
27625 -58 -882 11 0 0 0 0 0 0 1
27641 136 -941 183 0 0 0 0 0 0 1
27656 199 -882 167 0 0 0 0 0 0 1
27672 652 -882 31 0 0 0 0 0 0 1
27688 652 -980 -152 0 0 0 0 0 0 1
27703 500 -1035 -210 0 0 0 0 0 0 1
27719 445 -1003 -304 0 0 0 0 0 0 1
27734 472 -945 -347 0 0 0 0 0 0 1
27750 347 -937 -277 0 0 0 0 0 0 1
27766 160 -964 -132 0 0 0 0 0 0 1
27781 257 -941 23 0 0 0 0 0 0 1
27797 347 -902 -15 0 0 0 0 0 0 1
27812 359 -914 58 0 0 0 0 0 0 1
27828 343 -894 132 0 0 0 0 0 0 1
27844 386 -937 -15 0 0 0 0 0 0 1
27859 382 -988 -82 0 0 0 0 0 0 1
27875 410 -980 -273 0 0 0 0 0 0 1
27891 437 -937 -269 0 0 0 0 0 0 1
27906 433 -992 -183 0 0 0 0 0 0 1
27922 261 -968 -97 0 0 0 0 0 0 1
27938 304 -937 -62 0 0 0 0 0 0 1
27953 363 -914 -19 0 0 0 0 0 0 1
27969 429 -894 -15 0 0 0 0 0 0 1
27984 445 -882 -62 0 0 0 0 0 0 1
28000 375 -929 -85 0 0 0 0 0 0 1
28016 335 -953 -148 0 0 0 0 0 0 1
28031 308 -949 -167 0 0 0 0 0 0 1
28047 355 -945 -191 0 0 0 0 0 0 1
28062 597 -898 -285 0 0 0 0 0 0 1
28078 792 -800 42 0 0 0 0 0 0 1
28094 355 -1042 -42 0 0 0 0 0 0 1
28109 386 -992 -70 0 0 0 0 0 0 1
28125 511 -906 -125 0 0 0 0 0 0 1
28141 292 -984 -121 0 0 0 0 0 0 1
28156 -27 -1000 15 0 0 0 0 0 0 1
28172 148 -921 -23 0 0 0 0 0 0 1
28188 289 -886 -66 0 0 0 0 0 0 1
28203 277 -941 -46 0 0 0 0 0 0 1
28219 269 -906 -31 0 0 0 0 0 0 1
28234 320 -929 19 0 0 0 0 0 0 1
28250 304 -898 -74 0 0 0 0 0 0 1
28266 320 -949 15 0 0 0 0 0 0 1
28281 414 -855 -3 0 0 0 0 0 0 1
28297 484 -988 -105 0 0 0 0 0 0 1
28312 527 -1093 -113 0 0 0 0 0 0 1
28328 218 -886 7 0 0 0 0 0 0 1
28344 343 -988 -58 0 0 0 0 0 0 1
28359 386 -921 -46 0 0 0 0 0 0 1
28375 375 -914 -70 0 0 0 0 0 0 1
28391 226 -867 -7 0 0 0 0 0 0 1
28406 472 -1000 -46 0 0 0 0 0 0 1
28422 468 -929 -31 0 0 0 0 0 0 1
28438 355 -968 7 0 0 0 0 0 0 1
28453 433 -941 0 0 0 0 0 0 0 1
28469 300 -972 31 0 0 0 0 0 0 1
28484 257 -929 31 0 0 0 0 0 0 1
28500 320 -980 -15 0 0 0 0 0 0 1
28516 367 -929 0 0 0 0 0 0 0 1
28531 398 -921 -85 0 0 0 0 0 0 1
28547 89 -957 85 0 0 0 0 0 0 1
28562 117 -964 -27 0 0 0 0 0 0 1
28578 425 -937 -31 0 0 0 0 0 0 1
28594 363 -941 -23 0 0 0 0 0 0 1
28609 339 -953 27 0 0 0 0 0 0 1
28625 304 -914 93 0 0 0 0 0 0 1
28641 339 -945 -39 0 0 0 0 0 0 1
28656 273 -960 50 0 0 0 0 0 0 1
28672 250 -992 3 0 0 0 0 0 0 1
28688 304 -980 7 0 0 0 0 0 0 1
28703 273 -886 70 0 0 0 0 0 0 1
28719 242 -890 27 0 0 0 0 0 0 1
28734 335 -968 31 0 0 0 0 0 0 1
28750 328 -957 -7 0 0 0 0 0 0 1
28766 320 -964 19 0 0 0 0 0 0 1
28781 320 -972 11 0 0 0 0 0 0 1
28797 390 -851 58 0 0 0 0 0 0 1
28812 386 -929 -3 0 0 0 0 0 0 1
28828 351 -933 11 0 0 0 0 0 0 1
28844 359 -921 23 0 0 0 0 0 0 1
28859 363 -949 85 0 0 0 0 0 0 1
28875 320 -960 54 0 0 0 0 0 0 1
28891 335 -937 19 0 0 0 0 0 0 1
28906 339 -933 7 0 0 0 0 0 0 1
28922 316 -953 89 0 0 0 0 0 0 1
28938 347 -949 117 0 0 0 0 0 0 1
28953 347 -929 62 0 0 0 0 0 0 1
28969 335 -972 0 0 0 0 0 0 0 1
28984 453 -917 -3 0 0 0 0 0 0 1
29000 292 -929 62 0 0 0 0 0 0 1
29016 335 -933 42 0 0 0 0 0 0 1
29031 292 -937 27 0 0 0 0 0 0 1
29047 320 -988 -39 0 0 0 0 0 0 1
29062 242 -984 70 0 0 0 0 0 0 1
29078 199 -996 54 0 0 0 0 0 0 1
29094 207 -988 74 0 0 0 0 0 0 1
29109 269 -957 97 0 0 0 0 0 0 1
29125 -355 -1101 156 0 0 0 0 0 0 1
29141 152 -761 -144 0 0 0 0 0 0 1
29156 191 -984 50 0 0 0 0 0 0 1
29172 191 -929 7 0 0 0 0 0 0 1
29188 253 -996 -31 0 0 0 0 0 0 1
29203 335 -949 0 0 0 0 0 0 0 1
29219 289 -976 19 0 0 0 0 0 0 1
29234 296 -964 39 0 0 0 0 0 0 1
29250 292 -960 93 0 0 0 0 0 0 1
29266 304 -914 39 0 0 0 0 0 0 1
29281 316 -945 15 0 0 0 0 0 0 1
29297 339 -949 70 0 0 0 0 0 0 1
29312 265 -902 42 0 0 0 0 0 0 1
29328 203 -921 70 0 0 0 0 0 0 1
29344 285 -996 27 0 0 0 0 0 0 1
29359 257 -933 -3 0 0 0 0 0 0 1
29375 292 -949 7 0 0 0 0 0 0 1
29391 292 -972 27 0 0 0 0 0 0 1
29406 300 -984 15 0 0 0 0 0 0 1
29422 320 -984 50 0 0 0 0 0 0 1
29438 343 -976 23 0 0 0 0 0 0 1
29453 351 -945 46 0 0 0 0 0 0 1
29469 324 -906 11 0 0 0 0 0 0 1
29484 328 -933 15 0 0 0 0 0 0 1
29500 277 -906 46 0 0 0 0 0 0 1
29516 289 -886 42 0 0 0 0 0 0 1
29531 285 -875 46 0 0 0 0 0 0 1
29547 292 -898 54 0 0 0 0 0 0 1
29562 277 -964 74 0 0 0 0 0 0 1
29578 226 -960 109 0 0 0 0 0 0 1
29594 265 -1007 58 0 0 0 0 0 0 1
29609 296 -1042 23 0 0 0 0 0 0 1
29625 339 -988 27 0 0 0 0 0 0 1
29641 355 -988 85 0 0 0 0 0 0 1
29656 398 -992 109 0 0 0 0 0 0 1
29672 406 -992 89 0 0 0 0 0 0 1
29688 390 -937 66 0 0 0 0 0 0 1
29703 402 -898 35 0 0 0 0 0 0 1
29719 332 -863 58 0 0 0 0 0 0 1
29734 324 -878 54 0 0 0 0 0 0 1
29750 187 -917 50 0 0 0 0 0 0 1
29766 156 -917 97 0 0 0 0 0 0 1
29781 230 -957 121 0 0 0 0 0 0 1
29797 304 -972 113 0 0 0 0 0 0 1
29812 382 -988 101 0 0 0 0 0 0 1
29828 441 -960 15 0 0 0 0 0 0 1
29844 507 -921 27 0 0 0 0 0 0 1
29859 492 -894 42 0 0 0 0 0 0 1
29875 371 -867 0 0 0 0 0 0 0 1
29891 320 -945 27 0 0 0 0 0 0 1
29906 234 -968 58 0 0 0 0 0 0 1
29922 257 -960 128 0 0 0 0 0 0 1
29938 304 -933 89 0 0 0 0 0 0 1
29953 332 -949 42 0 0 0 0 0 0 1
29969 398 -937 35 0 0 0 0 0 0 1
29984 382 -949 -15 0 0 0 0 0 0 1
30000 382 -917 11 0 0 0 0 0 0 1
30016 339 -933 46 0 0 0 0 0 0 1
30031 281 -949 93 0 0 0 0 0 0 1
30047 281 -957 105 0 0 0 0 0 0 1
30062 285 -964 136 0 0 0 0 0 0 1
30078 281 -960 93 0 0 0 0 0 0 1
30094 281 -945 58 0 0 0 0 0 0 1
30109 304 -933 46 0 0 0 0 0 0 1
30125 332 -941 70 0 0 0 0 0 0 1
30141 296 -964 66 0 0 0 0 0 0 1
30156 312 -945 7 0 0 0 0 0 0 1
30172 316 -941 42 0 0 0 0 0 0 1
30188 332 -835 132 0 0 0 0 0 0 1
30203 382 -925 35 0 0 0 0 0 0 1
30219 320 -925 42 0 0 0 0 0 0 1
30234 253 -976 128 0 0 0 0 0 0 1
30250 308 -992 101 0 0 0 0 0 0 1
30266 281 -945 54 0 0 0 0 0 0 1
30281 300 -906 85 0 0 0 0 0 0 1
30297 304 -937 50 0 0 0 0 0 0 1
30312 316 -933 11 0 0 0 0 0 0 1
30328 304 -937 78 0 0 0 0 0 0 1
30344 292 -945 97 0 0 0 0 0 0 1
30359 300 -968 7 0 0 0 0 0 0 1
30375 328 -933 93 0 0 0 0 0 0 1
30391 347 -925 31 0 0 0 0 0 0 1
30406 292 -976 62 0 0 0 0 0 0 1
30422 300 -937 82 0 0 0 0 0 0 1
30438 296 -957 50 0 0 0 0 0 0 1
30453 289 -941 58 0 0 0 0 0 0 1
30469 320 -878 3 0 0 0 0 0 0 1
30484 328 -949 74 0 0 0 0 0 0 1
30500 328 -949 50 0 0 0 0 0 0 1
30516 304 -957 46 0 0 0 0 0 0 1
30531 289 -960 93 0 0 0 0 0 0 1
30547 269 -964 66 0 0 0 0 0 0 1
30562 292 -980 121 0 0 0 0 0 0 1
30578 289 -953 97 0 0 0 0 0 0 1
30594 300 -949 82 0 0 0 0 0 0 1
30609 273 -953 78 0 0 0 0 0 0 1
30625 273 -960 82 0 0 0 0 0 0 1
30641 289 -957 7 0 0 0 0 0 0 1
30656 308 -976 15 0 0 0 0 0 0 1
30672 312 -957 19 0 0 0 0 0 0 1
30688 292 -960 35 0 0 0 0 0 0 1
30703 292 -968 85 0 0 0 0 0 0 1
30719 289 -957 39 0 0 0 0 0 0 1
30734 312 -984 93 0 0 0 0 0 0 1
30750 312 -953 35 0 0 0 0 0 0 1
30766 289 -921 35 0 0 0 0 0 0 1
30781 277 -949 70 0 0 0 0 0 0 1
30797 332 -976 62 0 0 0 0 0 0 1
30812 281 -957 31 0 0 0 0 0 0 1
30828 273 -960 19 0 0 0 0 0 0 1
30844 230 -906 7 0 0 0 0 0 0 1
30859 281 -964 97 0 0 0 0 0 0 1
30875 250 -937 160 0 0 0 0 0 0 1
30891 93 -847 105 0 0 0 0 0 0 1
30906 316 -945 58 0 0 0 0 0 0 1
30922 265 -929 7 0 0 0 0 0 0 1
30938 355 -960 66 0 0 0 0 0 0 1
30953 320 -953 -19 0 0 0 0 0 0 1
30969 273 -929 0 0 0 0 0 0 0 1
30984 300 -964 35 0 0 0 0 0 0 1
31000 312 -1000 27 0 0 0 0 0 0 1
31016 300 -957 58 0 0 0 0 0 0 1
31031 324 -972 42 0 0 0 0 0 0 1
31047 339 -937 78 0 0 0 0 0 0 1
31062 308 -988 -11 0 0 0 0 0 0 1
31078 246 -933 62 0 0 0 0 0 0 1
31094 265 -960 42 0 0 0 0 0 0 1
31109 257 -949 54 0 0 0 0 0 0 1
31125 304 -953 39 0 0 0 0 0 0 1
31141 304 -964 27 0 0 0 0 0 0 1
31156 289 -968 54 0 0 0 0 0 0 1
31172 296 -972 78 0 0 0 0 0 0 1
31188 253 -957 93 0 0 0 0 0 0 1
31203 324 -968 93 0 0 0 0 0 0 1
31219 292 -945 62 0 0 0 0 0 0 1
31234 292 -972 35 0 0 0 0 0 0 1
31250 285 -976 105 0 0 0 0 0 0 1
31266 296 -988 62 0 0 0 0 0 0 1
31281 289 -964 66 0 0 0 0 0 0 1
31297 273 -972 82 0 0 0 0 0 0 1
31312 285 -976 35 0 0 0 0 0 0 1
31328 242 -1011 39 0 0 0 0 0 0 1
31344 230 -1015 54 0 0 0 0 0 0 1
31359 191 -996 27 0 0 0 0 0 0 1
31375 238 -949 70 0 0 0 0 0 0 1
